   Eewald =     5390.4771868760162761
       EH =     7173.0462266896984147
     Eloc =   -14706.5964339266229217
      Enl =     -504.7585162145767868
   Epulay =       -0.0004849842440617
      Exc =     -243.7470300377447074
       KE =      911.5897324052737076
        U =        1.3271869455769654
-------------------------------------
     Etot =    -1978.6621322466223774
       TS =        0.0012216447137480
-------------------------------------
        F =    -1978.6633538913361008
