   Eewald =     5749.6621858141634220
       EH =     7566.8661573918861905
     Eloc =   -15491.1595230934854044
      Enl =     -521.2263286423980162
   Epulay =       -0.0004831769518162
      Exc =     -246.7204192657992223
       KE =      929.6315956616222138
        U =        1.1541335143463962
-------------------------------------
     Etot =    -2011.7926817966165345
       TS =        0.0011049074780832
-------------------------------------
        F =    -2011.7937867040946003
