   Eewald =     4817.2938377517748449
       EH =     6247.8932760598627283
     Eloc =   -12803.6192302255312825
      Enl =     -390.2954570656550004
   Epulay =       -0.0003756781916500
      Exc =     -211.6431882288747488
       KE =      728.6357986889565836
-------------------------------------
     Etot =    -1611.7353386976592446
       TS =        0.0100761222289994
-------------------------------------
        F =    -1611.7454148198883104
