   Eewald =     5879.0627291440832778
       EH =     7775.5420140075229938
     Eloc =   -15913.0885852621559025
      Enl =     -555.6517444294252073
   Epulay =       -0.0004874006688114
      Exc =     -252.8324110877930195
       KE =      965.6775993114749781
        U =        1.3501084655648932
-------------------------------------
     Etot =    -2099.9407772513973214
       TS =        0.0010961652280908
-------------------------------------
        F =    -2099.9418734166251852
