   Eewald =     7391.7143118821986718
       EH =     9871.4156502625537541
     Eloc =   -20078.1998442457661440
      Enl =     -852.2945961834618629
   Epulay =        0.0007330941558102
      Exc =     -302.2049668702987901
       KE =     1230.8152056216545134
        U =        2.2168931303012007
-------------------------------------
     Etot =    -2736.5366133086613445
       TS =        0.0009241709316394
-------------------------------------
        F =    -2736.5375374795930838
