Initilizing minimization for species Ni Cr Co V 

Target: 1.6 eV
Performing first surface calculations...
Surface calculations successfully finished.
Initial entropy parameter eta set to 0.05
_____________________________________________________________________
Beginning minimzation


Iteration 1, eta = 0.05
Atom 1 weights: 0.23316884561842766 Ni 0.2341062690125915 Cr 0.28408262570910364 Co 0.24864225965987732 V 
Atom 2 weights: 0.2749180420809963 Ni 0.24151435888819553 Cr 0.267467385109313 Co 0.21610021392149523 V 
Atom 3 weights: 0.23594748518188258 Ni 0.27559041506969384 Cr 0.24971914412222007 Co 0.23874295562620357 V 
Atom 4 weights: 0.2714975383299215 Ni 0.27786013196145376 Cr 0.23002370783969428 Co 0.22061862186893036 V 
Atom 5 weights: 0.27470091825034804 Ni 0.19921255706513985 Cr 0.2726739909184568 Co 0.25341253376605516 V 
Atom 6 weights: 0.23985320581537334 Ni 0.20236294009910294 Cr 0.2825671151982497 Co 0.27521673888727394 V 
Atom 7 weights: 0.2011707690471315 Ni 0.23057104330248993 Cr 0.2870639564616539 Co 0.28119423118872483 V 
Atom 8 weights: 0.21760449365356388 Ni 0.27927805161875674 Cr 0.26759925879792196 Co 0.23551819592975745 V 
Atom 9 weights: 0.20505933777521712 Ni 0.29554544177614195 Cr 0.2377369919970044 Co 0.2616582284516366 V 
Atom 10 weights: 0.2772783877839025 Ni 0.21051532203841716 Cr 0.2572597954184205 Co 0.25494649475926007 V 
Atom 11 weights: 0.20363437135267828 Ni 0.28658888533031085 Cr 0.2389757092720597 Co 0.27080103404495115 V 
Atom 12 weights: 0.24711392129372564 Ni 0.2707976576612532 Cr 0.24795486291551586 Co 0.2341335581295053 V 
Atom 13 weights: 0.2282591856723828 Ni 0.296787815101213 Cr 0.22440870131535512 Co 0.2505442979110491 V 
Atom 14 weights: 0.216185064729437 Ni 0.22751706597860463 Cr 0.29102055963743667 Co 0.2652773096545217 V 
Atom 15 weights: 0.25950674149194003 Ni 0.22553970392813402 Cr 0.2803195384034626 Co 0.23463401617646346 V 
Atom 16 weights: 0.2609277514983303 Ni 0.2220241317135578 Cr 0.23946185599021877 Co 0.27758626079789317 V 
HEA binding free energy: 0.5746122405520537 eV, Target: 1.6 eV
Entropy: 22.09066503113294

Iteration 2, eta = 0.05
Atom 1 weights: 0.23678256971311587 Ni 0.22984509015226928 Cr 0.2854597227119598 Co 0.24791261742265502 V 
Atom 2 weights: 0.2700267242605144 Ni 0.24057201538532494 Cr 0.2629162180030636 Co 0.22648504235109707 V 
Atom 3 weights: 0.23239544590799902 Ni 0.2748911241946391 Cr 0.2464259258874708 Co 0.24628750400989108 V 
Atom 4 weights: 0.2761264893814099 Ni 0.2788631881930863 Cr 0.23432036786380467 Co 0.21068995456169923 V 
Atom 5 weights: 0.2734192376347868 Ni 0.1989722444404548 Cr 0.2714869704235273 Co 0.25612154750123106 V 
Atom 6 weights: 0.23792267558127708 Ni 0.2020654162661664 Cr 0.2808181762338227 Co 0.2791937319187338 V 
Atom 7 weights: 0.19955654240820836 Ni 0.23037188867677427 Cr 0.28564114652383854 Co 0.2844304223911789 V 
Atom 8 weights: 0.21546156092584662 Ni 0.2789062407372433 Cr 0.26564976530530476 Co 0.2399824330316054 V 
Atom 9 weights: 0.2058873900916309 Ni 0.29579656111694863 Cr 0.23853861341675 Co 0.2597774353746704 V 
Atom 10 weights: 0.27687746225192844 Ni 0.21041089060480728 Cr 0.25688238546078845 Co 0.2558292616824758 V 
Atom 11 weights: 0.20632677791587536 Ni 0.2872609237539397 Cr 0.24151992318062915 Co 0.2648923751495559 V 
Atom 12 weights: 0.2469547521338992 Ni 0.2708201981071325 Cr 0.24783279907499103 Co 0.23439225068397723 V 
Atom 13 weights: 0.22905969083303243 Ni 0.29691901143511795 Cr 0.22513104035722237 Co 0.24889025737462725 V 
Atom 14 weights: 0.21885406716802633 Ni 0.2279733771663551 Cr 0.29351477795403297 Co 0.25965777771158555 V 
Atom 15 weights: 0.2623205290782491 Ni 0.22599362563645292 Cr 0.28292148733986344 Co 0.22876435794543454 V 
Atom 16 weights: 0.26385912748066825 Ni 0.22250067570618393 Cr 0.2421547979454659 Co 0.2714853988676818 V 
HEA binding free energy: 0.5851075275100223 eV, Target: 1.6 eV
Entropy: 22.091324535006724

Iteration 3, eta = 0.05
Atom 1 weights: 0.24219798975441445 Ni 0.22667742393911092 Cr 0.2888206923584023 Co 0.2423038939480723 V 
Atom 2 weights: 0.2720947568181482 Ni 0.24082432284903377 Cr 0.26478279751204364 Co 0.2222981228207745 V 
Atom 3 weights: 0.23453645100469478 Ni 0.2752076487726426 Cr 0.24837215322055373 Co 0.24188374700210893 V 
Atom 4 weights: 0.2772345897632386 Ni 0.2791260986361139 Cr 0.23534087881774823 Co 0.2082984327828994 V 
Atom 5 weights: 0.27377576730922604 Ni 0.19903019242871386 Cr 0.2718260189180012 Co 0.25536802134405895 V 
Atom 6 weights: 0.23807444047042844 Ni 0.20214154824410163 Cr 0.2810020824093785 Co 0.2787819288760915 V 
Atom 7 weights: 0.1996852318979452 Ni 0.23047558799384302 Cr 0.2858249874288067 Co 0.28401419267940514 V 
Atom 8 weights: 0.21562632170519958 Ni 0.2789993489430677 Cr 0.265840547445134 Co 0.23953378190659882 V 
Atom 9 weights: 0.20492345137393983 Ni 0.2956257646264695 Cr 0.23765767070512697 Co 0.26179311329446375 V 
Atom 10 weights: 0.27582898777106507 Ni 0.21021869792893913 Cr 0.2559103140103978 Co 0.25804200028959806 V 
Atom 11 weights: 0.2057477300764209 Ni 0.2872152078788767 Cr 0.24101550552996173 Co 0.26602155651474074 V 
Atom 12 weights: 0.24564514723877473 Ni 0.27060175856844054 Cr 0.24663259078935712 Co 0.2371205034034277 V 
Atom 13 weights: 0.2280179605071618 Ni 0.29670919033576176 Cr 0.22416078991441868 Co 0.25111205924265784 V 
Atom 14 weights: 0.2181646388805604 Ni 0.2278583840317906 Cr 0.2929074717797233 Co 0.2610695053079256 V 
Atom 15 weights: 0.26176364269724917 Ni 0.2258856216707849 Cr 0.28241398320368005 Co 0.22993675242828596 V 
Atom 16 weights: 0.26330551158576926 Ni 0.22238753347674156 Cr 0.2416328751481326 Co 0.27267407978935665 V 
HEA binding free energy: 0.5965861531034378 eV, Target: 1.6 eV
Entropy: 22.089132274043394

Iteration 4, eta = 0.05
Atom 1 weights: 0.2533692290351244 Ni 0.21933565808997382 Cr 0.2954280998891373 Co 0.2318670129857645 V 
Atom 2 weights: 0.27288461829341465 Ni 0.24073178705670936 Cr 0.265420769091316 Co 0.22096282555856006 V 
Atom 3 weights: 0.23511937373348774 Ni 0.27516307926253464 Cr 0.24885017808566434 Co 0.24086736891831328 V 
Atom 4 weights: 0.2784771346196261 Ni 0.2794057544976233 Cr 0.23646585078107465 Co 0.205651260101676 V 
Atom 5 weights: 0.27358876705903024 Ni 0.19898137468986712 Cr 0.2716651367084416 Co 0.25576472154266106 V 
Atom 6 weights: 0.2375226129987685 Ni 0.2021356876484861 Cr 0.28057652524661447 Co 0.2797651741061309 V 
Atom 7 weights: 0.1985864192597745 Ni 0.23043017033996802 Cr 0.28493879733276056 Co 0.28604461306749707 V 
Atom 8 weights: 0.21509136905118018 Ni 0.2790225985421944 Cr 0.26542327336540567 Co 0.24046275904121975 V 
Atom 9 weights: 0.20374978535536883 Ni 0.29544306969055134 Cr 0.23659909456635772 Co 0.2642080503877221 V 
Atom 10 weights: 0.2765246548445719 Ni 0.2103268054711572 Cr 0.2565586683347563 Co 0.25658987134951466 V 
Atom 11 weights: 0.20618479052265384 Ni 0.2874421910916072 Cr 0.24148499037462154 Co 0.26488802801111744 V 
Atom 12 weights: 0.2448028046452369 Ni 0.2705107129771429 Cr 0.24588039547185503 Co 0.2388060869057652 V 
Atom 13 weights: 0.22775545840484523 Ni 0.2966939372520818 Cr 0.22391230782504692 Co 0.2516382965180261 V 
Atom 14 weights: 0.21849594772149172 Ni 0.22792199996347953 Cr 0.29327867400324337 Co 0.2603033783117853 V 
Atom 15 weights: 0.2619754974493041 Ni 0.22591084443695775 Cr 0.2826302043495717 Co 0.2294834537641666 V 
Atom 16 weights: 0.2638101194029306 Ni 0.22245504311680106 Cr 0.24208278282844475 Co 0.27165205465182374 V 
HEA binding free energy: 0.6362286283202095 eV, Target: 1.6 eV
Entropy: 22.08522611329844

Iteration 5, eta = 0.05
Atom 1 weights: 0.5015303113278295 Ni 0.05550578477389284 Cr 0.44296390389827744 Co 1.6653345369377348e-16 V 
Atom 2 weights: 0.2910863540310316 Ni 0.2388505270816856 Cr 0.280223318430414 Co 0.18983980045686877 V 
Atom 3 weights: 0.24946915073842776 Ni 0.27452294558894275 Cr 0.26078859356531053 Co 0.21521931010731904 V 
Atom 4 weights: 0.3180309930122706 Ni 0.28771355182222624 Cr 0.2724606450365997 Co 0.12179481012890335 V 
Atom 5 weights: 0.27259649121878443 Ni 0.19829494223721292 Cr 0.27096175618628016 Co 0.2581468103577225 V 
Atom 6 weights: 0.22829139270392598 Ni 0.20240344278590572 Cr 0.2738725331119246 Co 0.29543263139824366 V 
Atom 7 weights: 0.17867561661446743 Ni 0.23009334300911316 Cr 0.269350547960292 Co 0.3218804924161275 V 
Atom 8 weights: 0.20642748499045468 Ni 0.2799588763902768 Cr 0.2590520132822975 Co 0.254561625336971 V 
Atom 9 weights: 0.17792439837011892 Ni 0.2916325924408907 Cr 0.213385335669624 Co 0.3170576735193664 V 
Atom 10 weights: 0.2866458260157726 Ni 0.21174946569989153 Cr 0.2659882499400033 Co 0.23561645834433256 V 
Atom 11 weights: 0.21406088462289177 Ni 0.2920535968155188 Cr 0.2501791227691327 Co 0.24370639579245673 V 
Atom 12 weights: 0.22627606449992738 Ni 0.26858292744897083 Cr 0.22937842148391221 Co 0.2757625865671896 V 
Atom 13 weights: 0.2137324289212103 Ni 0.29484499719712076 Cr 0.21085443823442557 Co 0.28056813564724337 V 
Atom 14 weights: 0.21936760241172504 Ni 0.22823214000170494 Cr 0.29552285600575545 Co 0.2568774015808147 V 
Atom 15 weights: 0.26103275407685783 Ni 0.22551771366506912 Cr 0.28221271928756814 Co 0.231236812970505 V 
Atom 16 weights: 0.2681410787611398 Ni 0.2228400359022716 Cr 0.24575105975925368 Co 0.26326782557733497 V 
HEA binding free energy: 1.543284911373314 eV, Target: 1.6 eV
Entropy: 21.476986168942364

Iteration 6, eta = 0.05
Atom 1 weights: 0.5015303113343339 Ni 0.05550578476456231 Cr 0.44296390390110363 Co 1.6653345217902952e-16 V 
Atom 2 weights: 0.29108635403169847 Ni 0.23885052708152169 Cr 0.28022331843091786 Co 0.18983980045586196 V 
Atom 3 weights: 0.24946915073873188 Ni 0.27452294558894785 Cr 0.2607885935655798 Co 0.2152193101067405 V 
Atom 4 weights: 0.31803099301347343 Ni 0.2877135518225708 Cr 0.27246064503750184 Co 0.12179481012645384 V 
Atom 5 weights: 0.2725964912188524 Ni 0.19829494223693386 Cr 0.27096175618633783 Co 0.25814681035787596 V 
Atom 6 weights: 0.22829139270377388 Ni 0.2024034427857216 Cr 0.2738725331120294 Co 0.2954326313984751 V 
Atom 7 weights: 0.17867561661395928 Ni 0.23009334300907047 Cr 0.2693505479602831 Co 0.32188049241668704 V 
Atom 8 weights: 0.20642748499006675 Ni 0.2799588763904252 Cr 0.2590520132821969 Co 0.25456162533731114 V 
Atom 9 weights: 0.17792439836963322 Ni 0.2916325924411238 Cr 0.21338533566934365 Co 0.3170576735198994 V 
Atom 10 weights: 0.28664582601587457 Ni 0.21174946569968098 Cr 0.26598824994000714 Co 0.23561645834443729 V 
Atom 11 weights: 0.21406088462279177 Ni 0.292053596815787 Cr 0.25017912276922083 Co 0.24370639579220035 V 
Atom 12 weights: 0.22627606449958673 Ni 0.2685829274490732 Cr 0.2293784214836274 Co 0.2757625865677127 V 
Atom 13 weights: 0.21373242892053432 Ni 0.2948449971972377 Cr 0.21085443823376857 Co 0.2805681356484594 V 
Atom 14 weights: 0.21936760241143383 Ni 0.22823214000157072 Cr 0.2955228560058575 Co 0.2568774015811381 V 
Atom 15 weights: 0.261032754076771 Ni 0.22551771366491782 Cr 0.2822127192875968 Co 0.23123681297071444 V 
Atom 16 weights: 0.268141078761174 Ni 0.22284003590212262 Cr 0.2457510597591787 Co 0.26326782557752476 V 
HEA binding free energy: 1.6128568484105745 eV, Target: 1.6 eV
Entropy: 21.47698616891779

Iteration 7, eta = 0.1
Atom 1 weights: 0.5015303113343339 Ni 0.05550578476456231 Cr 0.44296390390110363 Co 1.6653345217902952e-16 V 
Atom 2 weights: 0.29108635403169847 Ni 0.23885052708152169 Cr 0.28022331843091786 Co 0.18983980045586196 V 
Atom 3 weights: 0.24946915073873188 Ni 0.27452294558894785 Cr 0.2607885935655798 Co 0.2152193101067405 V 
Atom 4 weights: 0.31803099301347343 Ni 0.2877135518225708 Cr 0.27246064503750184 Co 0.12179481012645384 V 
Atom 5 weights: 0.2725964912188524 Ni 0.19829494223693386 Cr 0.27096175618633783 Co 0.25814681035787596 V 
Atom 6 weights: 0.22829139270377388 Ni 0.2024034427857216 Cr 0.2738725331120294 Co 0.2954326313984751 V 
Atom 7 weights: 0.17867561661395928 Ni 0.23009334300907047 Cr 0.2693505479602831 Co 0.32188049241668704 V 
Atom 8 weights: 0.20642748499006675 Ni 0.2799588763904252 Cr 0.2590520132821969 Co 0.25456162533731114 V 
Atom 9 weights: 0.17792439836963322 Ni 0.2916325924411238 Cr 0.21338533566934365 Co 0.3170576735198994 V 
Atom 10 weights: 0.28664582601587457 Ni 0.21174946569968098 Cr 0.26598824994000714 Co 0.23561645834443729 V 
Atom 11 weights: 0.21406088462279177 Ni 0.292053596815787 Cr 0.25017912276922083 Co 0.24370639579220035 V 
Atom 12 weights: 0.22627606449958673 Ni 0.2685829274490732 Cr 0.2293784214836274 Co 0.2757625865677127 V 
Atom 13 weights: 0.21373242892053432 Ni 0.2948449971972377 Cr 0.21085443823376857 Co 0.2805681356484594 V 
Atom 14 weights: 0.21936760241143383 Ni 0.22823214000157072 Cr 0.2955228560058575 Co 0.2568774015811381 V 
Atom 15 weights: 0.261032754076771 Ni 0.22551771366491782 Cr 0.2822127192875968 Co 0.23123681297071444 V 
Atom 16 weights: 0.268141078761174 Ni 0.22284003590212262 Cr 0.2457510597591787 Co 0.26326782557752476 V 
HEA binding free energy: 1.5388215627689552 eV, Target: 1.6 eV
Entropy: 21.47698616891779

Iteration 8, eta = 0.1
Atom 1 weights: 0.5072963495435951 Ni 0.046691622163300806 Cr 0.44601202829310405 Co 5.551115123125783e-17 V 
Atom 2 weights: 0.288461599872819 Ni 0.23808397074701163 Cr 0.2776653576003806 Co 0.1957890717797889 V 
Atom 3 weights: 0.24575000886156512 Ni 0.27405736236872535 Cr 0.25745984595727256 Co 0.22273278281243705 V 
Atom 4 weights: 0.31549967606873786 Ni 0.2875556749897802 Cr 0.26959485836753555 Co 0.12734979057394652 V 
Atom 5 weights: 0.27130519994882274 Ni 0.1973519079276972 Cr 0.26975900613114384 Co 0.26158388599233623 V 
Atom 6 weights: 0.22658493038821584 Ni 0.20155291483432386 Cr 0.2728576798899977 Co 0.2990044748874625 V 
Atom 7 weights: 0.17639183631034266 Ni 0.2295997947956046 Cr 0.2683361817669096 Co 0.325672187127143 V 
Atom 8 weights: 0.20451873565968495 Ni 0.2800788744027289 Cr 0.25791662252929554 Co 0.2574857674082906 V 
Atom 9 weights: 0.17798984518804922 Ni 0.2923944636662144 Cr 0.2138425285697102 Co 0.31577316257602617 V 
Atom 10 weights: 0.2883259628794531 Ni 0.2114451332689738 Cr 0.2673053646873038 Co 0.23292353916426922 V 
Atom 11 weights: 0.21469314864941874 Ni 0.2927856550928628 Cr 0.251183194777869 Co 0.2413380014798495 V 
Atom 12 weights: 0.2269793750474978 Ni 0.2690302966465159 Cr 0.23005347937943013 Co 0.27393684892655623 V 
Atom 13 weights: 0.21604445155310276 Ni 0.2959395624114087 Cr 0.2129072185426239 Co 0.27510876749286467 V 
Atom 14 weights: 0.22137674860997295 Ni 0.22834772380613827 Cr 0.29832042001411074 Co 0.25195510756977796 V 
Atom 15 weights: 0.2634844733081623 Ni 0.2255766531171583 Cr 0.28475350986395404 Co 0.22618536371072528 V 
Atom 16 weights: 0.2710707940528186 Ni 0.22292290152782854 Cr 0.24817650015798198 Co 0.2578298042613707 V 
HEA binding free energy: 1.5718863514245054 eV, Target: 1.6 eV
Entropy: 21.462052963388153

Iteration 9, eta = 0.1
Atom 1 weights: 0.5289573524864957 Ni 8.326672684688674e-17 Cr 0.4498197594441131 Co 0.02122288806939122 V 
Atom 2 weights: 0.26350124725865853 Ni 0.23139793997197122 Cr 0.2535990110382571 Co 0.25150180173111314 V 
Atom 3 weights: 0.21324884771419714 Ni 0.2701348753920846 Cr 0.22842428083118618 Co 0.2881919960625321 V 
Atom 4 weights: 0.2937511095107492 Ni 0.2861619500425503 Cr 0.24517974407199258 Co 0.17490719637470795 V 
Atom 5 weights: 0.26230099309680077 Ni 0.18987196459713962 Cr 0.26138141908700574 Co 0.286445623219054 V 
Atom 6 weights: 0.21238427372711988 Ni 0.19452815766286044 Cr 0.2643870254084471 Co 0.3287005432015725 V 
Atom 7 weights: 0.15657779870509306 Ni 0.22536730715292005 Cr 0.2590846684297491 Co 0.3589702257122378 V 
Atom 8 weights: 0.18860677517060684 Ni 0.2810705060887436 Cr 0.24841857103388099 Co 0.28190414770676864 V 
Atom 9 weights: 0.1804274034002797 Ni 0.29897371249756977 Cr 0.21933311687244705 Co 0.30126576722970344 V 
Atom 10 weights: 0.3029943893597101 Ni 0.20915688909000138 Cr 0.2789512064090205 Co 0.20889751514126806 V 
Atom 11 weights: 0.22076435372494466 Ni 0.2991040191061222 Cr 0.2603062826501033 Co 0.2198253445188297 V 
Atom 12 weights: 0.23307910477084065 Ni 0.2726922150742493 Cr 0.23586451221024704 Co 0.25836416794466294 V 
Atom 13 weights: 0.23856326095485067 Ni 0.30566958985953246 Cr 0.2330283503705459 Co 0.22273879881507105 V 
Atom 14 weights: 0.24199863827556006 Ni 0.23002883861206666 Cr 0.3251459851863977 Co 0.2028265379259756 V 
Atom 15 weights: 0.28813179753548707 Ni 0.22684084805072174 Cr 0.309804632469137 Co 0.1752227219446543 V 
Atom 16 weights: 0.29910909578233913 Ni 0.22431561789962717 Cr 0.27177608517301255 Co 0.20479920114502115 V 
HEA binding free energy: 1.5827231876537355 eV, Target: 1.6 eV
Entropy: 21.353244641988926

Iteration 10, eta = 0.1
Atom 1 weights: 0.5305927981575019 Ni 4.158862569654098e-17 Cr 0.44974314438787555 Co 0.01966405745462253 V 
Atom 2 weights: 0.26192400540156613 Ni 0.23083160182927712 Cr 0.252017382668244 Co 0.25522701010091275 V 
Atom 3 weights: 0.21092121858174656 Ni 0.26999740913289105 Cr 0.22641136598625267 Co 0.2926700062991097 V 
Atom 4 weights: 0.29271933327182514 Ni 0.286309012477109 Cr 0.24365949997212313 Co 0.17731215427894276 V 
Atom 5 weights: 0.2618928668949949 Ni 0.18902417834569088 Cr 0.2610000725843097 Co 0.28808288217500466 V 
Atom 6 weights: 0.21127260455447813 Ni 0.19373088479142458 Cr 0.2639686886860059 Co 0.3310278219680913 V 
Atom 7 weights: 0.15471300763794354 Ni 0.22493770139078823 Cr 0.25854586442465055 Co 0.3618034265466176 V 
Atom 8 weights: 0.18721951703019657 Ni 0.28133333014486006 Cr 0.2478191849342019 Co 0.2836279678907415 V 
Atom 9 weights: 0.18018113635419578 Ni 0.2997122899696095 Cr 0.2195256889649604 Co 0.30058088471123434 V 
Atom 10 weights: 0.3042717486457748 Ni 0.20875496136368113 Cr 0.27988395983477266 Co 0.20708933015577147 V 
Atom 11 weights: 0.22101401751095057 Ni 0.2998323458435479 Cr 0.26100034156292173 Co 0.21815329508257972 V 
Atom 12 weights: 0.2333774991938562 Ni 0.2730671890757354 Cr 0.23615874087612787 Co 0.25739657085428047 V 
Atom 13 weights: 0.23999282715032014 Ni 0.30665666574366546 Cr 0.23426449333339008 Co 0.2190860137726244 V 
Atom 14 weights: 0.24333259523258896 Ni 0.230019035354492 Cr 0.32739856629016 Co 0.19924980312275908 V 
Atom 15 weights: 0.2900131997285995 Ni 0.22678308949369566 Cr 0.311843758778017 Co 0.17135995199968768 V 
Atom 16 weights: 0.3012766024287913 Ni 0.22425216810658108 Cr 0.27348172350825406 Co 0.2009895059563737 V 
HEA binding free energy: 1.5848673477892923 eV, Target: 1.6 eV
Entropy: 21.33738838137762

Iteration 11, eta = 0.1
Atom 1 weights: 0.534868738716067 Ni 0.0 Cr 0.4508650570531439 Co 0.014266204230789122 V 
Atom 2 weights: 0.26105067999892967 Ni 0.23001722999247523 Cr 0.25092778576176117 Co 0.258004304246834 V 
Atom 3 weights: 0.20780884096657792 Ni 0.27014210379960135 Cr 0.22387691964172127 Co 0.2981721355920995 V 
Atom 4 weights: 0.29275782126371064 Ni 0.2871167079771303 Cr 0.2423332587938923 Co 0.17779221196526676 V 
Atom 5 weights: 0.262167051138068 Ni 0.18720076344863013 Cr 0.261247553085665 Co 0.2893846323276369 V 
Atom 6 weights: 0.20972472007852552 Ni 0.19200475283913748 Cr 0.26400050409594233 Co 0.33427002298639474 V 
Atom 7 weights: 0.15140808282950377 Ni 0.2241115727422022 Cr 0.25833320736383947 Co 0.3661471370644544 V 
Atom 8 weights: 0.18514837768166206 Ni 0.2822037188051465 Cr 0.2475443318075853 Co 0.2851035717056061 V 
Atom 9 weights: 0.17885326136399105 Ni 0.3013397716798228 Cr 0.21930682088999684 Co 0.3005001460661894 V 
Atom 10 weights: 0.3064278906644781 Ni 0.20763769301228127 Cr 0.2812823443010317 Co 0.20465207202220898 V 
Atom 11 weights: 0.22073632236127297 Ni 0.3014170606285385 Cr 0.2618598976028006 Co 0.2159867194073878 V 
Atom 12 weights: 0.2333211106881606 Ni 0.27382572764667107 Cr 0.2361517549893041 Co 0.25670140667586433 V 
Atom 13 weights: 0.24093872101610972 Ni 0.3085674030368267 Cr 0.23494604929950305 Co 0.21554782664756056 V 
Atom 14 weights: 0.2444185566988221 Ni 0.22965065279420113 Cr 0.33085602447372175 Co 0.19507476603325496 V 
Atom 15 weights: 0.29260190957949894 Ni 0.22633591811363718 Cr 0.31496393538179973 Co 0.16609823692506395 V 
Atom 16 weights: 0.30415039038244696 Ni 0.22373042713154082 Cr 0.2754343688436002 Co 0.19668481364241214 V 
HEA binding free energy: 1.5976389948991176 eV, Target: 1.6 eV
Entropy: 21.30000942033575

Iteration 12, eta = 0.1
Atom 1 weights: 0.5492870402596806 Ni 2.7755575615628914e-17 Cr 0.45071295974031933 Co 2.7755575615628914e-17 V 
Atom 2 weights: 0.25598024201030256 Ni 0.22622492240539702 Cr 0.24500108222147432 Co 0.2727937533628261 V 
Atom 3 weights: 0.19300637310749483 Ni 0.270545768671421 Cr 0.21168577419642604 Co 0.3247620840246582 V 
Atom 4 weights: 0.2913646508869325 Ni 0.29038018719321523 Cr 0.23510956743949568 Co 0.18314559448035664 V 
Atom 5 weights: 0.2621162971633235 Ni 0.1790374041623902 Cr 0.2611724439604743 Co 0.297673854713812 V 
Atom 6 weights: 0.20219802561370587 Ni 0.1843443958655276 Cr 0.2634286770261899 Co 0.35002890149457666 V 
Atom 7 weights: 0.1364201385331297 Ni 0.22041071073572405 Cr 0.25688884085845964 Co 0.3862803098726866 V 
Atom 8 weights: 0.17528411751498377 Ni 0.285848326738497 Cr 0.2455835124014108 Co 0.2932840433451085 V 
Atom 9 weights: 0.17317619644946838 Ni 0.30847927190608415 Cr 0.21846714540798867 Co 0.2998773862364588 V 
Atom 10 weights: 0.3162875604712629 Ni 0.2028128547728684 Cr 0.2877906582104532 Co 0.19310892654541562 V 
Atom 11 weights: 0.219892804544989 Ni 0.30837817739829765 Cr 0.2659391484854509 Co 0.20578986957126252 V 
Atom 12 weights: 0.23354421290435023 Ni 0.27725053361092744 Cr 0.23656430584932028 Co 0.252640947635402 V 
Atom 13 weights: 0.24608588529051686 Ni 0.3170900132493426 Cr 0.23885529163631689 Co 0.19796880982382367 V 
Atom 14 weights: 0.24981670782795048 Ni 0.22814467589489845 Cr 0.3465566297900837 Co 0.17548198648706742 V 
Atom 15 weights: 0.30437981035490547 Ni 0.22445588524805515 Cr 0.3290244925122891 Co 0.1421398118847504 V 
Atom 16 weights: 0.31750400054661715 Ni 0.22156572571130478 Cr 0.28469593694785444 Co 0.17623433679422368 V 
HEA binding free energy: 1.6126289148940343 eV, Target: 1.6 eV
Entropy: 21.13184698297244

Iteration 13, eta = 0.1
Atom 1 weights: 0.5562827301723716 Ni 5.551115123125783e-17 Cr 0.4437172698276283 Co 5.551115123125783e-17 V 
Atom 2 weights: 0.2519129199991996 Ni 0.22308779296883854 Cr 0.24019783218349733 Co 0.28480145484846453 V 
Atom 3 weights: 0.17909128213307793 Ni 0.2704458281764468 Cr 0.20001712392379384 Co 0.3504457657666814 V 
Atom 4 weights: 0.28862802903011675 Ni 0.2927306015375668 Cr 0.2276604076460035 Co 0.190980961786313 V 
Atom 5 weights: 0.26059151229916266 Ni 0.17204201929801086 Cr 0.2597274049937305 Co 0.307639063409096 V 
Atom 6 weights: 0.19505099652400534 Ni 0.17784810421926522 Cr 0.2620871628824456 Co 0.3650137363742838 V 
Atom 7 weights: 0.12341125405888152 Ni 0.21721337207536118 Cr 0.2551040833912046 Co 0.4042712904745527 V 
Atom 8 weights: 0.16627776123795385 Ni 0.28866340144558 Cr 0.24315868155477272 Co 0.3019001557616935 V 
Atom 9 weights: 0.16817959663844678 Ni 0.31435610916921153 Cr 0.2175050947906258 Co 0.2999591994017159 V 
Atom 10 weights: 0.32477955691503324 Ni 0.19886177912682987 Cr 0.29348141582284193 Co 0.182877248135295 V 
Atom 11 weights: 0.2193505317797783 Ni 0.31411361969080887 Cr 0.2694373985607872 Co 0.19709844996862577 V 
Atom 12 weights: 0.2340231441045264 Ni 0.28015998115255564 Cr 0.2371879536864879 Co 0.24862892105643006 V 
Atom 13 weights: 0.25061011559294266 Ni 0.32417273367362487 Cr 0.24233299656635057 Co 0.182884154167082 V 
Atom 14 weights: 0.2546311962709147 Ni 0.2269670629257453 Cr 0.35985597802798386 Co 0.1585457627753562 V 
Atom 15 weights: 0.31451364098054 Ni 0.22298576655622115 Cr 0.3410168623371944 Co 0.12148373012604435 V 
Atom 16 weights: 0.3289347620610401 Ni 0.21982589943143366 Cr 0.29271063145991527 Co 0.15852870704761093 V 
HEA binding free energy: 1.5845109224665483 eV, Target: 1.6 eV
Entropy: 21.018916335561144

Iteration 14, eta = 0.1
Atom 1 weights: 0.5563442318482625 Ni 5.391877254696444e-17 Cr 0.4436557681517374 Co 5.391877254696444e-17 V 
Atom 2 weights: 0.2519476879899644 Ni 0.22306987613244553 Cr 0.24021986131778447 Co 0.2847625745598056 V 
Atom 3 weights: 0.17906785177239942 Ni 0.27046784035402666 Cr 0.20000781543889443 Co 0.35045649243467947 V 
Atom 4 weights: 0.2886986859174966 Ni 0.29277259427211105 Cr 0.2276763930434232 Co 0.19085232676696923 V 
Atom 5 weights: 0.2605580403905284 Ni 0.1719690117977328 Cr 0.2596959764417496 Co 0.3077769713699892 V 
Atom 6 weights: 0.1950023342071865 Ni 0.17778585130840702 Cr 0.26209496579553776 Co 0.3651168486888687 V 
Atom 7 weights: 0.12330036154130786 Ni 0.21718314201723027 Cr 0.2551040991601913 Co 0.4044123972812706 V 
Atom 8 weights: 0.1661232912671675 Ni 0.2886776148418718 Cr 0.2430745688749379 Co 0.30212452501602266 V 
Atom 9 weights: 0.16811807453313804 Ni 0.31441073146574827 Cr 0.21748438416128663 Co 0.2999868098398272 V 
Atom 10 weights: 0.3247580139793455 Ni 0.1988038510984234 Cr 0.2934391268333127 Co 0.18299900808891842 V 
Atom 11 weights: 0.21925561721916723 Ni 0.31415092229366876 Cr 0.2693889146120029 Co 0.1972045458751612 V 
Atom 12 weights: 0.2340157184618338 Ni 0.2801859873938179 Cr 0.23718261181498343 Co 0.2486156823293649 V 
Atom 13 weights: 0.2506112393857658 Ni 0.32423516415443576 Cr 0.24232698921012394 Co 0.1828266072496746 V 
Atom 14 weights: 0.25473460426944317 Ni 0.22696504188808364 Cr 0.3600408521527286 Co 0.15825950168974467 V 
Atom 15 weights: 0.31466392820898226 Ni 0.22297995755344552 Cr 0.3411826073538826 Co 0.12117350688368968 V 
Atom 16 weights: 0.32896443941058656 Ni 0.21979469522066197 Cr 0.29271262117410196 Co 0.1585282441946495 V 
HEA binding free energy: 1.6082098687151067 eV, Target: 1.6 eV
Entropy: 21.01789267767115

Iteration 15, eta = 0.1
Atom 1 weights: 0.5629472356072939 Ni 6.38378239159465e-16 Cr 0.4370527643927049 Co 6.38378239159465e-16 V 
Atom 2 weights: 0.2510366570644754 Ni 0.22042354295395786 Cr 0.23831894600637188 Co 0.2902208539751948 V 
Atom 3 weights: 0.16988791301748787 Ni 0.2714359317421228 Cr 0.19278660873687356 Co 0.3658895465035158 V 
Atom 4 weights: 0.2902541392969435 Ni 0.29605236891629694 Cr 0.22404124451325547 Co 0.18965224727350416 V 
Atom 5 weights: 0.2591788468782559 Ni 0.16478695245967234 Cr 0.25838708273356475 Co 0.317647117928507 V 
Atom 6 weights: 0.18912505050376047 Ni 0.17129872294154455 Cr 0.262107041726681 Co 0.377469184828014 V 
Atom 7 weights: 0.11107800998629243 Ni 0.21405204223959037 Cr 0.25438709461973524 Co 0.42048285315438194 V 
Atom 8 weights: 0.15508483940987225 Ni 0.2912121773441316 Cr 0.23895686903170868 Co 0.3147461142142874 V 
Atom 9 weights: 0.16226864219602852 Ni 0.3202719145119041 Cr 0.2158372954892759 Co 0.30162214780279145 V 
Atom 10 weights: 0.3295241559127834 Ni 0.19404114737404807 Cr 0.295589905107244 Co 0.18084479160592454 V 
Atom 11 weights: 0.21524791082163358 Ni 0.3193265444235365 Cr 0.26979175228206825 Co 0.19563379247276164 V 
Atom 12 weights: 0.23384343471294197 Ni 0.2830427481091154 Cr 0.23720227090480284 Co 0.24591154627313977 V 
Atom 13 weights: 0.2526482794053816 Ni 0.33104439048173034 Cr 0.24348534798147925 Co 0.1728219821314088 V 
Atom 14 weights: 0.2605364126047614 Ni 0.22589372959966367 Cr 0.37456604960569373 Co 0.13900380818988123 V 
Atom 15 weights: 0.3258250468828151 Ni 0.22159158691603006 Cr 0.35422785713358285 Co 0.098355509067572 V 
Atom 16 weights: 0.33672837754860885 Ni 0.21733378884658427 Cr 0.29725839660625153 Co 0.14867943699855532 V 
HEA binding free energy: 1.6252155400277002 eV, Target: 1.6 eV
Entropy: 20.897794138651378

Iteration 16, eta = 0.1
Atom 1 weights: 0.5629471740309578 Ni 6.383757127496854e-16 Cr 0.43705282596904094 Co 6.383757127496854e-16 V 
Atom 2 weights: 0.251036703783904 Ni 0.22042356603081273 Cr 0.2383189955566372 Co 0.29022073462864606 V 
Atom 3 weights: 0.1698880027038662 Ni 0.2714359430043798 Cr 0.1927866882944501 Co 0.365889365997304 V 
Atom 4 weights: 0.2902541747330828 Ni 0.29605236512321464 Cr 0.22404130093780728 Co 0.18965215920589534 V 
Atom 5 weights: 0.2591789020800897 Ni 0.16478699337079794 Cr 0.258387134468751 Co 0.3176469700803613 V 
Atom 6 weights: 0.18912510444439343 Ni 0.17129875713737186 Cr 0.26210706758733465 Co 0.3774690708309001 V 
Atom 7 weights: 0.1110780798638312 Ni 0.21405205998654175 Cr 0.2543871123871629 Co 0.42048274776246397 V 
Atom 8 weights: 0.15508493277204832 Ni 0.2912121763410169 Cr 0.23895692886887487 Co 0.31474596201805993 V 
Atom 9 weights: 0.16226863740113034 Ni 0.32027188157521874 Cr 0.21583727405112985 Co 0.30162220697252107 V 
Atom 10 weights: 0.3295241579251906 Ni 0.19404117337800542 Cr 0.29558991752199254 Co 0.1808447511748114 V 
Atom 11 weights: 0.21524793448782575 Ni 0.3193265245544764 Cr 0.26979175656023635 Co 0.19563378439746146 V 
Atom 12 weights: 0.2338434104066397 Ni 0.2830427304018446 Cr 0.23720224752824948 Co 0.24591161166326642 V 
Atom 13 weights: 0.2526482044893825 Ni 0.331044347540039 Cr 0.2434852823269033 Co 0.1728221656436753 V 
Atom 14 weights: 0.26053629749947466 Ni 0.2258937195687271 Cr 0.3745659024861966 Co 0.1390040804456017 V 
Atom 15 weights: 0.3258249114438549 Ni 0.22159157894149803 Cr 0.35422771980758294 Co 0.09835578980706416 V 
Atom 16 weights: 0.3367283050865322 Ni 0.21733379387796078 Cr 0.2972583415094099 Co 0.14867955952609713 V 
HEA binding free energy: 1.6197791608620786 eV, Target: 1.6 eV
Entropy: 20.897795327645156

Iteration 17, eta = 0.1
Atom 1 weights: 0.5644679960829819 Ni 4.996003610813204e-16 Cr 0.43553200391701713 Co 4.996003610813204e-16 V 
Atom 2 weights: 0.25267420176702166 Ni 0.21973617009426438 Cr 0.23941795228666374 Co 0.28817167585205034 V 
Atom 3 weights: 0.1677545495000608 Ni 0.27264808955828873 Cr 0.19153550104131864 Co 0.36806185990033186 V 
Atom 4 weights: 0.2930738454118993 Ni 0.29815075540443325 Cr 0.2242876762882458 Co 0.18448772289542162 V 
Atom 5 weights: 0.2607456282814906 Ni 0.16177379069963715 Cr 0.2598452083678804 Co 0.31763537265099184 V 
Atom 6 weights: 0.1875102867878259 Ni 0.16843942910320336 Cr 0.26321705588627725 Co 0.3808332282226935 V 
Atom 7 weights: 0.1058682652028149 Ni 0.21271585029596032 Cr 0.25462059465760883 Co 0.426795289843616 V 
Atom 8 weights: 0.1518312541728091 Ni 0.29289044810012715 Cr 0.23887778004410093 Co 0.31640051768296273 V 
Atom 9 weights: 0.15793658368783267 Ni 0.32271849264777863 Cr 0.2136091009207638 Co 0.3057358227436249 V 
Atom 10 weights: 0.3329766286520133 Ni 0.1920134852228097 Cr 0.2977323857738733 Co 0.17727750035130374 V 
Atom 11 weights: 0.21361754188524573 Ni 0.32193962781041907 Cr 0.27027265378560683 Co 0.1941701765187284 V 
Atom 12 weights: 0.23250023906046766 Ni 0.2841471192363585 Cr 0.23603880965138932 Co 0.2473138320517846 V 
Atom 13 weights: 0.2504889975499313 Ni 0.3336899522514348 Cr 0.24116360669982198 Co 0.174657443498812 V 
Atom 14 weights: 0.25909291987538785 Ni 0.2246922006220946 Cr 0.3775992377317351 Co 0.13861564177078237 V 
Atom 15 weights: 0.32705078243528646 Ni 0.22026030259653281 Cr 0.35666220244832847 Co 0.09602671251985215 V 
Atom 16 weights: 0.33866339820719044 Ni 0.21588927775502467 Cr 0.2978033775791881 Co 0.14764394645859688 V 
HEA binding free energy: 1.625284811469944 eV, Target: 1.6 eV
Entropy: 20.863763956053884

Iteration 18, eta = 0.1
Atom 1 weights: 0.5446102124788083 Ni 1.9984014443252818e-15 Cr 0.3574765002174468 Co 0.09791328730374288 V 
Atom 2 weights: 0.2863934085006547 Ni 0.2102110191549941 Cr 0.26396502228750884 Co 0.23943055005684222 V 
Atom 3 weights: 0.13120008505902203 Ni 0.29079915610507956 Cr 0.16897918922062227 Co 0.4090215696152762 V 
Atom 4 weights: 0.3327837788813337 Ni 0.3302358222736208 Cr 0.22366058989887122 Co 0.1133198089461742 V 
Atom 5 weights: 0.2782014708163748 Ni 0.1129636478365394 Cr 0.2760836933777554 Co 0.33275118796933034 V 
Atom 6 weights: 0.1596771285519446 Ni 0.1227719183702241 Cr 0.2785474483077601 Co 0.4390035047700712 V 
Atom 7 weights: 0.023197756040296155 Ni 0.19136616016125582 Cr 0.2579055541558045 Co 0.5275305296426436 V 
Atom 8 weights: 0.09778501850261614 Ni 0.3187079306398284 Cr 0.2351122216639619 Co 0.34839482919359355 V 
Atom 9 weights: 0.08552402696846462 Ni 0.3607735262779904 Cr 0.17481975092930638 Co 0.3788826958242386 V 
Atom 10 weights: 0.38708511427633746 Ni 0.15975669901372744 Cr 0.3311308730132661 Co 0.12202731369666894 V 
Atom 11 weights: 0.1865553591585402 Ni 0.36266063232529355 Cr 0.27656129871814367 Co 0.17422270979802268 V 
Atom 12 weights: 0.21147764529363167 Ni 0.30186070451415015 Cr 0.21792764031612838 Co 0.26873400987608975 V 
Atom 13 weights: 0.21087256080402142 Ni 0.3743365620910506 Cr 0.19938967431504193 Co 0.21540120278988595 V 
Atom 14 weights: 0.2315257670836002 Ni 0.20493123389095277 Cr 0.4211403752320455 Co 0.14240262379340157 V 
Atom 15 weights: 0.34154049682042364 Ni 0.19850847768739346 Cr 0.3906481302211621 Co 0.0693028952710208 V 
Atom 16 weights: 0.364240880269031 Ni 0.192123838363932 Cr 0.3017696245338721 Co 0.1418656568331649 V 
HEA binding free energy: 1.4398137006518308 eV, Target: 1.6 eV
Entropy: 20.36035695153668

Iteration 19, eta = 0.1
Atom 1 weights: 0.5514651014387193 Ni 6.38378239159465e-16 Cr 0.3339066607949581 Co 0.11462823776632203 V 
Atom 2 weights: 0.30312144037813726 Ni 0.2043730747445603 Cr 0.27567577197644555 Co 0.216829712900857 V 
Atom 3 weights: 0.11147549571427132 Ni 0.30116161183532625 Cr 0.1570648615421838 Co 0.43029803090821866 V 
Atom 4 weights: 0.3563109659979887 Ni 0.34849999760314027 Cr 0.22438004600126027 Co 0.07080899039761067 V 
Atom 5 weights: 0.29109785185604803 Ni 0.08594241211487294 Cr 0.2880648792145334 Co 0.3348948568145455 V 
Atom 6 weights: 0.14537558856255697 Ni 0.09727762512572455 Cr 0.2884455333147799 Co 0.4689012529969386 V 
Atom 7 weights: 2.7755575615628914e-16 Ni 0.172370864735933 Cr 0.2537956006521699 Co 0.5738335346118968 V 
Atom 8 weights: 0.06992558710421473 Ni 0.3337102495891936 Cr 0.23536006499374573 Co 0.36100409831284597 V 
Atom 9 weights: 0.04772208537975935 Ni 0.3826179842738723 Cr 0.1556582908397052 Co 0.41400163950666324 V 
Atom 10 weights: 0.4174897028848288 Ni 0.14165813960416127 Cr 0.34990495527093146 Co 0.09094720224007852 V 
Atom 11 weights: 0.17214925924779767 Ni 0.3858259913751455 Cr 0.2808892606456055 Co 0.16113548873145128 V 
Atom 12 weights: 0.2001419248149866 Ni 0.3119044012307939 Cr 0.20817969578388493 Co 0.27977397817033467 V 
Atom 13 weights: 0.19227359800767357 Ni 0.39801101657921223 Cr 0.1792936490125351 Co 0.23042173640057917 V 
Atom 14 weights: 0.21778044575694097 Ni 0.19406259855910207 Cr 0.44725937241358554 Co 0.1408975832703715 V 
Atom 15 weights: 0.352741329470218 Ni 0.1867528980552463 Cr 0.41258377700086024 Co 0.04792199547367526 V 
Atom 16 weights: 0.37992383170867683 Ni 0.1790320812502972 Cr 0.30520934042730874 Co 0.1358347466137172 V 
HEA binding free energy: 1.4773469594105781 eV, Target: 1.6 eV
Entropy: 19.780383404194744

Iteration 20, eta = 0.1
Atom 1 weights: 0.621037162746549 Ni 2.7755575615628914e-16 Cr 0.3789628372534505 Co 2.7755575615628914e-16 V 
Atom 2 weights: 0.3149435651137205 Ni 0.19742477190612734 Cr 0.2824631858009621 Co 0.20516847717919023 V 
Atom 3 weights: 0.08949703937337149 Ni 0.31228547735129086 Cr 0.14368410423732747 Co 0.4545333790380101 V 
Atom 4 weights: 0.3819702275081265 Ni 0.36730679152266466 Cr 0.22526409071231493 Co 0.025458890256893914 V 
Atom 5 weights: 0.3199804319433702 Ni 0.05904936626365106 Cr 0.3147921331822612 Co 0.3061780686107176 V 
Atom 6 weights: 0.14198759234463082 Ni 0.07210700515966177 Cr 0.31046565397324366 Co 0.47543974852246385 V 
Atom 7 weights: 0.06565488649516053 Ni 0.12645120667940418 Cr 0.23032717068767608 Co 0.5775667361377593 V 
Atom 8 weights: 0.046383531139782413 Ni 0.35093047164007685 Cr 0.24173738526048819 Co 0.36094861195965267 V 
Atom 9 weights: 0.01518200551893576 Ni 0.40757446314790047 Cr 0.14248207297350238 Co 0.43476145835966135 V 
Atom 10 weights: 0.44428911381280367 Ni 0.12080400842310832 Cr 0.3644898261201967 Co 0.07041705164389137 V 
Atom 11 weights: 0.148899894184669 Ni 0.4094373550864313 Cr 0.2784996625451818 Co 0.16316308818371772 V 
Atom 12 weights: 0.19964687632577716 Ni 0.32597859101149224 Cr 0.2086885186659616 Co 0.26568601399676917 V 
Atom 13 weights: 0.1840875499804136 Ni 0.4274053557881001 Cr 0.1686803883448647 Co 0.2198267058866216 V 
Atom 14 weights: 0.20957191560037397 Ni 0.1830896508043612 Cr 0.481702686567427 Co 0.12563574702783786 V 
Atom 15 weights: 0.3682085897427898 Ni 0.17400146698279415 Cr 0.43938458168150185 Co 0.01840536159291425 V 
Atom 16 weights: 0.41226113818415266 Ni 0.1672516659183534 Cr 0.32320523814981544 Co 0.09728195774767856 V 
HEA binding free energy: 1.5153701688838117 eV, Target: 1.6 eV
Entropy: 18.997838066690758

Iteration 21, eta = 0.1
Atom 1 weights: 0.644300983451846 Ni 4.163336342344337e-16 Cr 0.35569901654815317 Co 4.163336342344337e-16 V 
Atom 2 weights: 0.33514783723072983 Ni 0.19021824174924726 Cr 0.29611672530320465 Co 0.17851719571681823 V 
Atom 3 weights: 0.06837183453419328 Ni 0.32551421253794954 Cr 0.13197024621134895 Co 0.4741437067165083 V 
Atom 4 weights: 0.40458680251508666 Ni 0.3769924602117887 Cr 0.21842073727312458 Co 0.0 V 
Atom 5 weights: 0.34917581544276866 Ni 0.026699510631587688 Cr 0.341730668933511 Co 0.28239400499213263 V 
Atom 6 weights: 0.13190279733479804 Ni 0.04167188332059905 Cr 0.3304320519780727 Co 0.49599326736653027 V 
Atom 7 weights: 0.044273174652910495 Ni 0.10376088475416713 Cr 0.232099127458174 Co 0.6198668131347483 V 
Atom 8 weights: 0.008082945126797823 Ni 0.368566848026854 Cr 0.2390738950165092 Co 0.38427631182983885 V 
Atom 9 weights: 0.0 Ni 0.42009083201864966 Cr 0.097494650242628 Co 0.4824145177387223 V 
Atom 10 weights: 0.47894025443958876 Ni 0.09671722046638512 Cr 0.3845671535978303 Co 0.03977537149619567 V 
Atom 11 weights: 0.1092948547566845 Ni 0.4338281058697149 Cr 0.26400898249401933 Co 0.1928680568795813 V 
Atom 12 weights: 0.18606327238448817 Ni 0.33971020655927386 Cr 0.19726995685969004 Co 0.27695656419654785 V 
Atom 13 weights: 0.16417216776875093 Ni 0.4600123731924749 Cr 0.1467761161918324 Co 0.22903934284694177 V 
Atom 14 weights: 0.1946544455107866 Ni 0.16934936914836443 Cr 0.517041059570906 Co 0.11895512576994302 V 
Atom 15 weights: 0.3733679458663897 Ni 0.15697463586028895 Cr 0.45875345909726484 Co 0.010903959176056644 V 
Atom 16 weights: 0.449449182036962 Ni 0.1530618299236668 Cr 0.3436878534174371 Co 0.0538011346219341 V 
HEA binding free energy: 1.3548501459172146 eV, Target: 1.6 eV
Entropy: 18.03228441580044

Iteration 22, eta = 0.2
Atom 1 weights: 0.683574354218289 Ni 2.7755575615628914e-17 Cr 0.31341069046230563 Co 0.0030149553194052693 V 
Atom 2 weights: 0.3592983266085272 Ni 0.17916619805290843 Cr 0.3108961788068344 Co 0.15063929653173 V 
Atom 3 weights: 0.057074860997870125 Ni 0.34873940382011603 Cr 0.1327545006306535 Co 0.46143123455136037 V 
Atom 4 weights: 0.4285519415389966 Ni 0.37390603519402515 Cr 0.1975420232669782 Co 0.0 V 
Atom 5 weights: 0.3927654748625087 Ni 2.220446049250313e-16 Cr 0.3812559728539009 Co 0.22597855228359015 V 
Atom 6 weights: 0.11170567842571945 Ni 1.942890293094024e-16 Cr 0.35524258521198776 Co 0.5330517363622924 V 
Atom 7 weights: 0.0 Ni 0.06784691588763181 Cr 0.22637057522741008 Co 0.7057825088849582 V 
Atom 8 weights: 0.0 Ni 0.37351804150398293 Cr 0.2102294567521241 Co 0.416252501743893 V 
Atom 9 weights: 0.0 Ni 0.4038410231382164 Cr 0.0 Co 0.5961589768617835 V 
Atom 10 weights: 0.5319716995094453 Ni 0.05292091398203774 Cr 0.41510738650851686 Co 0.0 V 
Atom 11 weights: 0.029162050696005262 Ni 0.4651845965769804 Cr 0.22270957867091062 Co 0.2829437740561037 V 
Atom 12 weights: 0.1704002430999717 Ni 0.36308567307061024 Cr 0.1849532051800982 Co 0.2815608786493199 V 
Atom 13 weights: 0.15469872240064342 Ni 0.5148136027434487 Cr 0.13300664104881382 Co 0.19748103380709411 V 
Atom 14 weights: 0.17150947349816487 Ni 0.14813909911650494 Cr 0.568976430373797 Co 0.11137499701153315 V 
