Initilizing minimization for species Ni Cr Co V 

Target: 1.6 eV
Performing first surface calculations...
Surface calculations successfully finished.
Initial entropy parameter eta set to 0.05
_____________________________________________________________________
Beginning minimzation


Iteration 1, eta = 0.05
Atom 1 weights: 0.2764233825435169 Ni 0.27584940196633506 Cr 0.1983137154049763 Co 0.24941350008517185 V 
Atom 2 weights: 0.24840203139901976 Ni 0.28472900308758453 Cr 0.2303512500506107 Co 0.23651771546278494 V 
Atom 3 weights: 0.2151963049288136 Ni 0.259314514159001 Cr 0.21275641632322098 Co 0.3127327645889645 V 
Atom 4 weights: 0.2337780276268464 Ni 0.20566788409613335 Cr 0.291911510579258 Co 0.2686425776977623 V 
Atom 5 weights: 0.22549131410958162 Ni 0.24752898544873767 Cr 0.27518885539385 Co 0.2517908450478307 V 
Atom 6 weights: 0.22260713960275821 Ni 0.27029243131906106 Cr 0.25224802966991156 Co 0.2548523994082691 V 
Atom 7 weights: 0.2747162221629224 Ni 0.2674328574610269 Cr 0.1934452971864911 Co 0.2644056231895596 V 
Atom 8 weights: 0.2722801065270511 Ni 0.2278841361793642 Cr 0.2119789156674322 Co 0.2878568416261526 V 
Atom 9 weights: 0.25502263059187186 Ni 0.21209638734670047 Cr 0.22778015410154293 Co 0.30510082795988486 V 
Atom 10 weights: 0.25320852105042135 Ni 0.23868386891844495 Cr 0.2706464290640579 Co 0.23746118096707577 V 
Atom 11 weights: 0.2545732558945292 Ni 0.2413783712933903 Cr 0.2845633840413813 Co 0.2194849887706992 V 
Atom 12 weights: 0.23532786375188083 Ni 0.26647495947120314 Cr 0.2129727645480492 Co 0.2852244122288668 V 
Atom 13 weights: 0.2564449815016415 Ni 0.27604610134776514 Cr 0.22647439253165594 Co 0.2410345246189374 V 
Atom 14 weights: 0.2692963969300943 Ni 0.2519051761638085 Cr 0.21288592415386254 Co 0.2659125027522348 V 
Atom 15 weights: 0.26049463783165816 Ni 0.22193643291436374 Cr 0.255040525068568 Co 0.26252840418541024 V 
Atom 16 weights: 0.2548526489256046 Ni 0.21980199941616158 Cr 0.25608806592903605 Co 0.26925728572919766 V 
HEA binding free energy: 0.4928432741672337 eV, Target: 1.6 eV
Entropy: 22.09174563667249

Iteration 2, eta = 0.05
Atom 1 weights: 0.283401484223624 Ni 0.2693524142632554 Cr 0.20161747184076856 Co 0.24562862967235208 V 
Atom 2 weights: 0.2457869753502795 Ni 0.28402973188769975 Cr 0.22783777017621384 Co 0.24234552258580686 V 
Atom 3 weights: 0.21289998636642157 Ni 0.25870432924514036 Cr 0.21056288270309526 Co 0.3178328016853428 V 
Atom 4 weights: 0.2392083206050539 Ni 0.2066746551857996 Cr 0.2970156020727221 Co 0.2571014221364244 V 
Atom 5 weights: 0.2262126087572029 Ni 0.24771693747818316 Cr 0.2758982918208681 Co 0.25017216194374575 V 
Atom 6 weights: 0.22368171226018985 Ni 0.2706661534709977 Cr 0.2533140400935161 Co 0.2523380941752964 V 
Atom 7 weights: 0.2759176576368687 Ni 0.2678424269973525 Cr 0.19456796848305075 Co 0.2616719468827281 V 
Atom 8 weights: 0.2730504808576001 Ni 0.22809839142128666 Cr 0.21267955154232232 Co 0.2861715761787911 V 
Atom 9 weights: 0.2572200843832458 Ni 0.21266469209164984 Cr 0.22984427421486844 Co 0.30027094931023585 V 
Atom 10 weights: 0.2536957705799977 Ni 0.23873505414671298 Cr 0.27110586126927033 Co 0.23646331400401896 V 
Atom 11 weights: 0.2550900017798496 Ni 0.24152514762114094 Cr 0.2850840830992111 Co 0.21830076749979835 V 
Atom 12 weights: 0.2324019864843178 Ni 0.26569117380974094 Cr 0.21019236146442372 Co 0.2917144782415176 V 
Atom 13 weights: 0.25602216928160465 Ni 0.2760205823296762 Cr 0.2260818969581941 Co 0.2418753514305251 V 
Atom 14 weights: 0.2679740533797698 Ni 0.2516600690279275 Cr 0.21163379925526576 Co 0.26873207833703683 V 
Atom 15 weights: 0.25982717465452376 Ni 0.22183792574404923 Cr 0.25443966687475283 Co 0.26389523272667414 V 
Atom 16 weights: 0.2546514982305292 Ni 0.2197980224039131 Cr 0.2559225126163958 Co 0.26962796674916195 V 
HEA binding free energy: 0.5192740168942362 eV, Target: 1.6 eV
Entropy: 22.09029926854156

Iteration 3, eta = 0.05
Atom 1 weights: 0.30631341770960163 Ni 0.24580092247456525 Cr 0.211556250770017 Co 0.2363294090458161 V 
Atom 2 weights: 0.23336968200154107 Ni 0.28099240310612117 Cr 0.21603051143458388 Co 0.2696074034577539 V 
Atom 3 weights: 0.20095129662272684 Ni 0.2558534156330431 Cr 0.19927127691164429 Co 0.34392401083258584 V 
Atom 4 weights: 0.2478074854354911 Ni 0.2082658275062027 Cr 0.3051919717188155 Co 0.23873471533949067 V 
Atom 5 weights: 0.22689294309794525 Ni 0.24805931321944436 Cr 0.27669231241006037 Co 0.24835543127255008 V 
Atom 6 weights: 0.22490851270234583 Ni 0.2715081536652838 Cr 0.25471008411719565 Co 0.24887324951517475 V 
Atom 7 weights: 0.27768461203639333 Ni 0.2688111854179079 Cr 0.19624004487298538 Co 0.2572641576727133 V 
Atom 8 weights: 0.2739445360241491 Ni 0.22853914462875075 Cr 0.21347436749929513 Co 0.28404195184780495 V 
Atom 9 weights: 0.26459279422712706 Ni 0.21445012038113703 Cr 0.236742187142631 Co 0.2842148982491049 V 
Atom 10 weights: 0.2582628683855355 Ni 0.2394892110025438 Cr 0.2753823570412871 Co 0.22686556357063364 V 
Atom 11 weights: 0.2596708233871998 Ni 0.24253778939178824 Cr 0.28947635783360093 Co 0.20831502938741092 V 
Atom 12 weights: 0.22626748976034242 Ni 0.264003247634938 Cr 0.20433108744654338 Co 0.30539817515817624 V 
Atom 13 weights: 0.2590976096595151 Ni 0.27674983127559394 Cr 0.22889792564791592 Co 0.23525463341697506 V 
Atom 14 weights: 0.2689109898354008 Ni 0.2517736033225524 Cr 0.21237176394651594 Co 0.26694364289553085 V 
Atom 15 weights: 0.2625486070613052 Ni 0.22230178336970766 Cr 0.25698218742593626 Co 0.258167422143051 V 
Atom 16 weights: 0.2588150725219149 Ni 0.22055595573567052 Cr 0.25981790475191885 Co 0.2608110669904957 V 
HEA binding free energy: 0.6029758159959381 eV, Target: 1.6 eV
Entropy: 22.070404888389753

Iteration 4, eta = 0.05
Atom 1 weights: 0.33606560241367894 Ni 0.22292734916905882 Cr 0.2275996489113017 Co 0.21340739950596044 V 
Atom 2 weights: 0.22660180982590733 Ni 0.27907226213344105 Cr 0.2094464654147277 Co 0.28487946262592395 V 
Atom 3 weights: 0.1939769747299748 Ni 0.2539483628913621 Cr 0.19257351657019095 Co 0.35950114580847226 V 
Atom 4 weights: 0.2533913227124108 Ni 0.20906408620175732 Cr 0.3104872286574826 Co 0.2270573624283494 V 
Atom 5 weights: 0.22845904476452028 Ni 0.24856066644479471 Cr 0.2783211707870781 Co 0.244659118003607 V 
Atom 6 weights: 0.22579510013755372 Ni 0.27227325863946317 Cr 0.25579451352540405 Co 0.24613712769757906 V 
Atom 7 weights: 0.2788363707517304 Ni 0.26961716251472173 Cr 0.1973249677822817 Co 0.25422149895126617 V 
Atom 8 weights: 0.27574831697622904 Ni 0.229117980205026 Cr 0.2151118890523378 Co 0.28002181376640717 V 
Atom 9 weights: 0.26934256011594615 Ni 0.21558948362315666 Cr 0.2411773117817304 Co 0.2738906444791668 V 
Atom 10 weights: 0.26233359802541323 Ni 0.2402280572158929 Cr 0.27922315679397536 Co 0.21821518796471853 V 
Atom 11 weights: 0.2636405531309097 Ni 0.24342241132063785 Cr 0.29330125480153935 Co 0.1996357807469131 V 
Atom 12 weights: 0.22157402694727824 Ni 0.26300408130914427 Cr 0.19991782889794413 Co 0.3155040628456334 V 
Atom 13 weights: 0.2591817981713237 Ni 0.27688037519622277 Cr 0.2289290557427653 Co 0.23500877088968836 V 
Atom 14 weights: 0.26690923975656305 Ni 0.25135234126882183 Cr 0.2103794877672669 Co 0.2713589312073482 V 
Atom 15 weights: 0.2627754202324784 Ni 0.22228544772204842 Cr 0.25719214462503653 Co 0.25774698742043667 V 
Atom 16 weights: 0.25987510014864795 Ni 0.22072197293461057 Cr 0.2608228718939357 Co 0.2585800550228056 V 
HEA binding free energy: 0.7065848861253436 eV, Target: 1.6 eV
Entropy: 22.041473923142483

Iteration 5, eta = 0.05
Atom 1 weights: 0.36667932990812413 Ni 0.2001597193391168 Cr 0.24438493942916087 Co 0.18877601132359817 V 
Atom 2 weights: 0.22481261954430284 Ni 0.2779772681551801 Cr 0.20741847966483362 Co 0.2897916326356835 V 
Atom 3 weights: 0.19159951728434796 Ni 0.2527908658308501 Cr 0.19008515166001894 Co 0.3655244652247831 V 
Atom 4 weights: 0.2546815036263073 Ni 0.20901873687586833 Cr 0.31176935687540386 Co 0.22453040262242058 V 
Atom 5 weights: 0.22985982398803265 Ni 0.2489543609879565 Cr 0.2797800540555522 Co 0.24140576096845875 V 
Atom 6 weights: 0.22696128447261693 Ni 0.27305534686620037 Cr 0.2571318808153732 Co 0.24285148784580954 V 
Atom 7 weights: 0.2806050602002769 Ni 0.27047748286604734 Cr 0.19894901239113685 Co 0.2499684445425388 V 
Atom 8 weights: 0.2775508212496626 Ni 0.22960036027012828 Cr 0.2167082533399019 Co 0.2761405651403072 V 
Atom 9 weights: 0.26974002174122014 Ni 0.21593779500735083 Cr 0.24157932098488952 Co 0.27274286226653954 V 
Atom 10 weights: 0.26504137828946783 Ni 0.24076365307190709 Cr 0.28181323485433807 Co 0.21238173378428696 V 
Atom 11 weights: 0.2667558376623167 Ni 0.24415234118164925 Cr 0.29633561308555406 Co 0.19275620807047997 V 
Atom 12 weights: 0.21885735069402357 Ni 0.2625691940670859 Cr 0.19738631614438096 Co 0.3211871390945096 V 
Atom 13 weights: 0.2588152761494513 Ni 0.2769762258786127 Cr 0.22855015395141592 Co 0.23565834402052013 V 
Atom 14 weights: 0.2662534446162169 Ni 0.25121742795784974 Cr 0.20963415876227148 Co 0.2728949686636619 V 
Atom 15 weights: 0.2625612456796717 Ni 0.22222748543134782 Cr 0.2569999301701885 Co 0.2582113387187921 V 
Atom 16 weights: 0.2604056580573488 Ni 0.22084459019704414 Cr 0.26135230356499195 Co 0.2573974481806152 V 
HEA binding free energy: 0.8217849471786519 eV, Target: 1.6 eV
Entropy: 22.012146089019794

Iteration 6, eta = 0.05
Atom 1 weights: 0.6128364694491961 Ni 0.009753813381939452 Cr 0.37740971716886446 Co 0.0 V 
Atom 2 weights: 0.2011996051773542 Ni 0.26747927335409666 Cr 0.18260003875352765 Co 0.3487210827150215 V 
Atom 3 weights: 0.15942007575130915 Ni 0.24103911515560458 Cr 0.15801042343577346 Co 0.44153038565731284 V 
Atom 4 weights: 0.2717274052610783 Ni 0.20994818303142093 Cr 0.3283696446989936 Co 0.18995476700850708 V 
Atom 5 weights: 0.2420818139711783 Ni 0.2524932778655358 Cr 0.2924661881634054 Co 0.21295871999988045 V 
Atom 6 weights: 0.23578364466598253 Ni 0.27936539443389885 Cr 0.26741028584218707 Co 0.21744067505793152 V 
Atom 7 weights: 0.29454616496855934 Ni 0.27756489619622643 Cr 0.21177008889357612 Co 0.21611884994163827 V 
Atom 8 weights: 0.28931770072582785 Ni 0.2331224683867252 Cr 0.22702290080663418 Co 0.2505369300808127 V 
Atom 9 weights: 0.2794769042478398 Ni 0.22001115665637466 Cr 0.2508668473242174 Co 0.2496450917715681 V 
Atom 10 weights: 0.28732053871456237 Ni 0.2451044455720631 Cr 0.30310183386986206 Co 0.16447318184351256 V 
Atom 11 weights: 0.2916960409071208 Ni 0.2500827938694575 Cr 0.32066808772628613 Co 0.1375530774971357 V 
Atom 12 weights: 0.1902095836144611 Ni 0.25706118540720607 Cr 0.17052689711859423 Co 0.3822023338597385 V 
Atom 13 weights: 0.26012700823461243 Ni 0.2784256694226128 Cr 0.22939309150681145 Co 0.23205423083596335 V 
Atom 14 weights: 0.2636495247932478 Ni 0.25053210138749105 Cr 0.2060656116844888 Co 0.27975276213477235 V 
Atom 15 weights: 0.2639979637292688 Ni 0.22221420443634005 Cr 0.25837034574277273 Co 0.2554174860916185 V 
Atom 16 weights: 0.26765064658606513 Ni 0.2222144878910754 Cr 0.26833552586395265 Co 0.24179933965890682 V 
HEA binding free energy: 1.5948711151803685 eV, Target: 1.6 eV
Entropy: 21.188455495815262

Iteration 7, eta = 0.05
Atom 1 weights: 0.6128364694496221 Ni 0.009753813381377546 Cr 0.37740971716900035 Co 0.0 V 
Atom 2 weights: 0.20119960517732313 Ni 0.26747927335409116 Cr 0.18260003875348457 Co 0.34872108271510116 V 
Atom 3 weights: 0.15942007575124012 Ni 0.2410391151555847 Cr 0.15801042343570204 Co 0.44153038565747316 V 
Atom 4 weights: 0.2717274052611288 Ni 0.20994818303140755 Cr 0.3283696446990652 Co 0.18995476700839836 V 
Atom 5 weights: 0.24208181397119988 Ni 0.2524932778655433 Cr 0.2924661881634479 Co 0.21295871999980892 V 
Atom 6 weights: 0.23578364466599394 Ni 0.27936539443392144 Cr 0.2674102858422135 Co 0.21744067505787112 V 
Atom 7 weights: 0.2945461649686028 Ni 0.2775648961962496 Cr 0.21177008889358376 Co 0.21611884994156377 V 
Atom 8 weights: 0.28931770072586416 Ni 0.233122468386724 Cr 0.22702290080664247 Co 0.2505369300807694 V 
Atom 9 weights: 0.27947690424785254 Ni 0.22001115665636606 Cr 0.2508668473242186 Co 0.24964509177156285 V 
Atom 10 weights: 0.287320538714611 Ni 0.24510444557206715 Cr 0.3031018338699156 Co 0.1644731818434061 V 
Atom 11 weights: 0.29169604090717277 Ni 0.25008279386946586 Cr 0.32066808772634925 Co 0.1375530774970122 V 
Atom 12 weights: 0.19020958361437493 Ni 0.2570611854071957 Cr 0.17052689711850363 Co 0.3822023338599257 V 
Atom 13 weights: 0.2601270082346154 Ni 0.27842566942262625 Cr 0.22939309150680137 Co 0.23205423083595703 V 
Atom 14 weights: 0.26364952479323794 Ni 0.25053210138748844 Cr 0.20606561168445475 Co 0.27975276213481887 V 
Atom 15 weights: 0.2639979637292665 Ni 0.22221420443632708 Cr 0.25837034574276885 Co 0.25541748609163745 V 
Atom 16 weights: 0.2676506465860789 Ni 0.22221448789106538 Cr 0.26833552586396664 Co 0.24179933965888914 V 
HEA binding free energy: 1.5970717881061598 eV, Target: 1.6 eV
Entropy: 21.18845549581237

Iteration 8, eta = 0.05
Atom 1 weights: 0.6203450482552901 Ni 5.551115123125783e-16 Cr 0.37965495174470876 Co 5.551115123125783e-16 V 
Atom 2 weights: 0.20064397470724749 Ni 0.2673966649009927 Cr 0.18181867493105136 Co 0.35014068546070853 V 
Atom 3 weights: 0.15817880919096292 Ni 0.24068797858462507 Cr 0.15672308463636667 Co 0.44441012758804543 V 
Atom 4 weights: 0.27263069369772613 Ni 0.20968643820283797 Cr 0.32968014381339134 Co 0.18800272428604445 V 
Atom 5 weights: 0.24245697549223097 Ni 0.25262614029796227 Cr 0.2932410477987755 Co 0.2116758364110313 V 
Atom 6 weights: 0.2359786051766103 Ni 0.2797817187562198 Cr 0.2678894343357062 Co 0.21635024173146375 V 
Atom 7 weights: 0.29534360389798714 Ni 0.27799139864002603 Cr 0.211883315232896 Co 0.2147816822290909 V 
Atom 8 weights: 0.2899839119739089 Ni 0.2330904604826108 Cr 0.22715655879476263 Co 0.24976906874871768 V 
Atom 9 weights: 0.27970033031359076 Ni 0.21983617611261777 Cr 0.25087073229170287 Co 0.24959276128208868 V 
Atom 10 weights: 0.28819509557570533 Ni 0.2451720350517861 Cr 0.30407317019940905 Co 0.1625596991730996 V 
Atom 11 weights: 0.29263094607213186 Ni 0.25022852821352054 Cr 0.32181831770128866 Co 0.13532220801305894 V 
Atom 12 weights: 0.18865464652317954 Ni 0.2568820608422472 Cr 0.16888114551136818 Co 0.3855821471232051 V 
Atom 13 weights: 0.2601850703904667 Ni 0.2786810441624047 Cr 0.22920217903028486 Co 0.23193170641684385 V 
Atom 14 weights: 0.2634802014995993 Ni 0.2504863784738484 Cr 0.2054348148557021 Co 0.2805986051708503 V 
Atom 15 weights: 0.26396162871818707 Ni 0.22196866886299738 Cr 0.25830369526887537 Co 0.25576600714994024 V 
Atom 16 weights: 0.2679033405583986 Ni 0.22202042514933717 Cr 0.2685929481976034 Co 0.2414832860946609 V 
HEA binding free energy: 1.6340531460750916 eV, Target: 1.6 eV
Entropy: 21.127840387543824

Iteration 9, eta = 0.05
Atom 1 weights: 0.6265848389956168 Ni 2.7755575615628914e-17 Cr 0.3734151610043831 Co 2.7755575615628914e-17 V 
Atom 2 weights: 0.19986720498479824 Ni 0.26809888938570436 Cr 0.1801007729647297 Co 0.3519331326647678 V 
Atom 3 weights: 0.15599068105664207 Ni 0.2403766879530012 Cr 0.1542752682996902 Co 0.4493573626906665 V 
Atom 4 weights: 0.2740274266721058 Ni 0.20808029783362839 Cr 0.3333082985501204 Co 0.18458397694414547 V 
Atom 5 weights: 0.24242778188107844 Ni 0.2527677221117511 Cr 0.2952269709307617 Co 0.2095775250764087 V 
Atom 6 weights: 0.23579136440184392 Ni 0.2811029621039054 Cr 0.2689796739490541 Co 0.21412599954519665 V 
Atom 7 weights: 0.29757934506037825 Ni 0.2792511887675004 Cr 0.2107571282674521 Co 0.21241233790466935 V 
Atom 8 weights: 0.29193044658313594 Ni 0.2324775018233258 Cr 0.22655399553668618 Co 0.24903805605685203 V 
Atom 9 weights: 0.27983906159013894 Ni 0.21847783182103597 Cr 0.24993340446097367 Co 0.25174970212785125 V 
Atom 10 weights: 0.2896848320567371 Ni 0.2449417093736053 Cr 0.30619616438423797 Co 0.15917729418541973 V 
Atom 11 weights: 0.2943004123877472 Ni 0.2502250829373965 Cr 0.32466242736789847 Co 0.1308120773069579 V 
Atom 12 weights: 0.18542257381711055 Ni 0.25695304096203175 Cr 0.16489721423124304 Co 0.39272717098961474 V 
Atom 13 weights: 0.2606090168326446 Ni 0.27987444035777953 Cr 0.22839185202341578 Co 0.2311246907861601 V 
Atom 14 weights: 0.2636742078469387 Ni 0.25046979525631763 Cr 0.20333052911849628 Co 0.2825254677782473 V 
Atom 15 weights: 0.2641932128687925 Ni 0.2208207813921252 Cr 0.2583444421224538 Co 0.2566415636166286 V 
Atom 16 weights: 0.26872210472376434 Ni 0.2209470291855278 Cr 0.269442302314959 Co 0.24088856377574888 V 
HEA binding free energy: 1.638359106466335 eV, Target: 1.6 eV
Entropy: 21.099783965834554

Iteration 10, eta = 0.05
Atom 1 weights: 0.6249452444557364 Ni 0.0047816336264991785 Cr 0.3702731219177644 Co 3.2660012724310116e-17 V 
Atom 2 weights: 0.1998986348258486 Ni 0.2683672919898566 Cr 0.17993419403527244 Co 0.3517998791490222 V 
Atom 3 weights: 0.1559108099133366 Ni 0.24044911892552912 Cr 0.15413039746130341 Co 0.44950967369983086 V 
Atom 4 weights: 0.27403443748746675 Ni 0.2076835775313015 Cr 0.3338426422611648 Co 0.18443934272006696 V 
Atom 5 weights: 0.2422208840557556 Ni 0.25274549654629336 Cr 0.2954813622262444 Co 0.20955225717170664 V 
Atom 6 weights: 0.23563052849349658 Ni 0.2813280706066251 Cr 0.26909589812523327 Co 0.21394550277464505 V 
Atom 7 weights: 0.29791210977535687 Ni 0.2794511593139561 Cr 0.21033019031874933 Co 0.21230654059193757 V 
Atom 8 weights: 0.292227306144222 Ni 0.23229106457121024 Cr 0.22628201609273962 Co 0.24919961319182823 V 
Atom 9 weights: 0.27977936359786587 Ni 0.2181214804200385 Cr 0.24963021537979782 Co 0.25246894060229785 V 
Atom 10 weights: 0.28972487102397515 Ni 0.24482984118999598 Cr 0.30639602009732336 Co 0.15904926768870564 V 
Atom 11 weights: 0.29436835518487153 Ni 0.25014852901641665 Cr 0.32500849159753253 Co 0.13047462420117925 V 
Atom 12 weights: 0.18512883613987066 Ni 0.2570631519549124 Cr 0.16440314815096108 Co 0.39340486375425593 V 
Atom 13 weights: 0.26072925805517394 Ni 0.28014028879299213 Cr 0.22823131626595433 Co 0.23089913688587954 V 
Atom 14 weights: 0.2638313157386092 Ni 0.2504891440551559 Cr 0.20296439693347504 Co 0.28271514327275993 V 
Atom 15 weights: 0.2642986429916297 Ni 0.22056956758034207 Cr 0.2584017742473469 Co 0.2567300151806814 V 
Atom 16 weights: 0.26887527536747413 Ni 0.2206944421237048 Cr 0.2696024594184238 Co 0.24082782309039732 V 
HEA binding free energy: 1.6262268631327568 eV, Target: 1.6 eV
Entropy: 21.12401427784473

Iteration 11, eta = 0.05
Atom 1 weights: 0.6249452229152976 Ni 0.004781906220008681 Cr 0.37027287086469374 Co 6.04145215965894e-17 V 
Atom 2 weights: 0.19989862655945012 Ni 0.26836731594245145 Cr 0.17993416354074301 Co 0.35179989395735534 V 
Atom 3 weights: 0.15591078195114794 Ni 0.24044912040363947 Cr 0.15413036271672326 Co 0.44950973492848934 V 
Atom 4 weights: 0.27403445144381977 Ni 0.2076835353930857 Cr 0.3338427130663845 Co 0.18443930009670997 V 
Atom 5 weights: 0.2422208710410782 Ni 0.2527454968634063 Cr 0.2954813995588758 Co 0.20955223253663968 V 
Atom 6 weights: 0.23563051701556612 Ni 0.28132809908543377 Cr 0.26909591762174867 Co 0.21394546627725153 V 
Atom 7 weights: 0.2979121550228955 Ni 0.2794511855897829 Cr 0.21033015227687435 Co 0.21230650711044743 V 
Atom 8 weights: 0.2922273452131586 Ni 0.23229104649773485 Cr 0.22628199249442538 Co 0.24919961579468125 V 
Atom 9 weights: 0.27977936200900033 Ni 0.21812144398366132 Cr 0.24963018710480508 Co 0.2524690069025333 V 
Atom 10 weights: 0.2897248899629372 Ni 0.2448298319344767 Cr 0.3063960557719239 Co 0.1590492223306623 V 
Atom 11 weights: 0.2943683772882123 Ni 0.2501485243602394 Cr 0.32500854365557963 Co 0.1304745546959688 V 
Atom 12 weights: 0.18512878260667007 Ni 0.25706315935647295 Cr 0.1644030741236718 Co 0.39340498391318507 V 
Atom 13 weights: 0.2607292700992113 Ni 0.28014031811487905 Cr 0.2282312975965926 Co 0.23089911418931694 V 
Atom 14 weights: 0.26383132662779474 Ni 0.2504891448605792 Cr 0.20296435068068946 Co 0.2827151778309366 V 
Atom 15 weights: 0.26429865160385974 Ni 0.2205695395452887 Cr 0.2584017778495513 Co 0.2567300310013003 V 
Atom 16 weights: 0.2688752935132798 Ni 0.22069441486333083 Cr 0.26960247833579204 Co 0.24082781328759717 V 
HEA binding free energy: 1.6071879957789312 eV, Target: 1.6 eV
Entropy: 21.12401505949409

Iteration 12, eta = 0.05
Atom 1 weights: 0.6289366240645586 Ni 0.04874235016127876 Cr 0.32087253814173844 Co 0.001448487632424152 V 
Atom 2 weights: 0.19717678815395387 Ni 0.2732397953214092 Cr 0.17236852823448773 Co 0.3572148882901493 V 
Atom 3 weights: 0.14888967565217068 Ni 0.24046821336795374 Cr 0.14565234641197003 Co 0.46498976456790564 V 
Atom 4 weights: 0.27741237171591016 Ni 0.19852111972866737 Cr 0.34958452537749113 Co 0.17448198317793143 V 
Atom 5 weights: 0.24008012962389466 Ni 0.25301377718023865 Cr 0.30429036360313766 Co 0.20261572959272894 V 
Atom 6 weights: 0.23357198470365156 Ni 0.287768557957116 Cr 0.2738120176502813 Co 0.20484743968895125 V 
Atom 7 weights: 0.308418810311821 Ni 0.28545583976822825 Cr 0.20268160499464868 Co 0.2034437449253021 V 
Atom 8 weights: 0.3012216664278398 Ni 0.2285209961386361 Cr 0.2216028965395266 Co 0.2486544408939975 V 
Atom 9 weights: 0.2798931526090938 Ni 0.2103722959049778 Cr 0.24392073134642836 Co 0.26581382013950006 V 
Atom 10 weights: 0.29466926304430036 Ni 0.24299466055598248 Cr 0.3149446139220986 Co 0.14739146247761864 V 
Atom 11 weights: 0.3000850014086338 Ni 0.249370423004273 Cr 0.3372179228882754 Co 0.11332665269881773 V 
Atom 12 weights: 0.17241815137928818 Ni 0.2584408352309362 Cr 0.14729877214750947 Co 0.4218422412422662 V 
Atom 13 weights: 0.26304785367806033 Ni 0.2864821934752067 Cr 0.22387852198566002 Co 0.22659143086107297 V 
Atom 14 weights: 0.26563881116036386 Ni 0.25053834679653086 Cr 0.1923479852324713 Co 0.2914748568106339 V 
Atom 15 weights: 0.26585153604702594 Ni 0.21440066522428575 Cr 0.2588878787761222 Co 0.2608599199525662 V 
Atom 16 weights: 0.27272113411001797 Ni 0.21474626666376453 Cr 0.2736295169645587 Co 0.23890308226165882 V 
HEA binding free energy: 1.5608739931331665 eV, Target: 1.6 eV
Entropy: 21.141176077049955

Iteration 13, eta = 0.05
Atom 1 weights: 0.6293185125604919 Ni 0.0460190408093529 Cr 0.323586507545492 Co 0.001075939084663185 V 
Atom 2 weights: 0.1972199290020296 Ni 0.2730055293866108 Cr 0.17264037466360443 Co 0.3571341669477551 V 
Atom 3 weights: 0.1492725057128655 Ni 0.24048094101501175 Cr 0.1460971550829452 Co 0.46414939818917755 V 
Atom 4 weights: 0.27730052534215 Ni 0.19894252651032643 Cr 0.34890128004243537 Co 0.17485566810508826 V 
Atom 5 weights: 0.24015356683494082 Ni 0.25299824880897637 Cr 0.30386489086419954 Co 0.20298329349188335 V 
Atom 6 weights: 0.23366991179255045 Ni 0.2874795461270345 Cr 0.273602036955955 Co 0.20524850512446008 V 
Atom 7 weights: 0.307911197546786 Ni 0.2851817042314945 Cr 0.20300869799894514 Co 0.20389840022277442 V 
Atom 8 weights: 0.3007654653415923 Ni 0.2286870673084495 Cr 0.22177555643312757 Co 0.2487719109168306 V 
Atom 9 weights: 0.27974625492228117 Ni 0.2107053214752299 Cr 0.2440512510041038 Co 0.2654971725983852 V 
Atom 10 weights: 0.2945083766271058 Ni 0.24308954468959407 Cr 0.3146145431802241 Co 0.14778753550307597 V 
Atom 11 weights: 0.2997907003758451 Ni 0.2494019478403325 Cr 0.3366299433051095 Co 0.1141774084787129 V 
Atom 12 weights: 0.17306662579678575 Ni 0.25838229301357163 Cr 0.14814150270555076 Co 0.42040957848409183 V 
Atom 13 weights: 0.26304591925325926 Ni 0.2862133447995735 Cr 0.2241742510778829 Co 0.22656648486928438 V 
Atom 14 weights: 0.26553709008029286 Ni 0.25053541734408735 Cr 0.1928169460420624 Co 0.2911105465335573 V 
Atom 15 weights: 0.2657828653623891 Ni 0.21468357192485432 Cr 0.25886813317623264 Co 0.26066542953652394 V 
Atom 16 weights: 0.2725897081587818 Ni 0.21502482878123583 Cr 0.27348621338641443 Co 0.23889924967356793 V 
HEA binding free energy: 1.5835288468152622 eV, Target: 1.6 eV
Entropy: 21.139072037883547

Iteration 14, eta = 0.05
Atom 1 weights: 0.6397622752734207 Ni 0.04604586179911122 Cr 0.3141918629274669 Co 1.2212453270876722e-15 V 
Atom 2 weights: 0.19487260660217617 Ni 0.2744553810244438 Cr 0.1687794488417197 Co 0.3618925635316603 V 
Atom 3 weights: 0.14788784582802292 Ni 0.24070759427319063 Cr 0.14414422869395904 Co 0.46726033120482735 V 
Atom 4 weights: 0.2794419535347773 Ni 0.19593298148244487 Cr 0.35510849110070775 Co 0.16951657388207 V 
Atom 5 weights: 0.2390378232794604 Ni 0.253036755149975 Cr 0.30648484288004346 Co 0.2014405786905211 V 
Atom 6 weights: 0.23305099743482208 Ni 0.28975137700499454 Cr 0.2753060936931204 Co 0.201891531867063 V 
Atom 7 weights: 0.311010498795192 Ni 0.2872189357339066 Cr 0.20003542879312997 Co 0.2017351366777715 V 
Atom 8 weights: 0.3030725589072878 Ni 0.22730613668982422 Cr 0.21951187341526956 Co 0.25010943098761845 V 
Atom 9 weights: 0.27744970228895405 Ni 0.20772785514777697 Cr 0.2399651790108159 Co 0.274857263552453 V 
Atom 10 weights: 0.29728098808334713 Ni 0.24264909718336222 Cr 0.318532872646222 Co 0.14153704208706866 V 
Atom 11 weights: 0.30114845030469717 Ni 0.24906289162176284 Cr 0.34024133688615826 Co 0.1095473211873817 V 
Atom 12 weights: 0.16980055548245485 Ni 0.2588971108412682 Cr 0.14327995855212422 Co 0.42802237512415275 V 
Atom 13 weights: 0.26557315892371114 Ni 0.28871456218715674 Cr 0.22431856115059612 Co 0.22139371773853608 V 
Atom 14 weights: 0.2657465521854564 Ni 0.25052672757382244 Cr 0.18886940407568759 Co 0.29485731616503363 V 
Atom 15 weights: 0.26631168828007085 Ni 0.21260220110451314 Cr 0.25904103775734877 Co 0.26204507285806733 V 
Atom 16 weights: 0.27461283773245154 Ni 0.2131153582313444 Cr 0.27551201404470566 Co 0.2367597899914984 V 
HEA binding free energy: 1.572658946127214 eV, Target: 1.6 eV
Entropy: 21.084229775974006

Iteration 15, eta = 0.05
Atom 1 weights: 0.6810266380452462 Ni 0.03680718057582335 Cr 0.28216618137893046 Co 2.7755575615628914e-17 V 
Atom 2 weights: 0.18571544345532381 Ni 0.27974487340762 Cr 0.15411768436753076 Co 0.38042199876952554 V 
Atom 3 weights: 0.1429306028884777 Ni 0.24160574193674736 Cr 0.1370993188656909 Co 0.47836433630908387 V 
Atom 4 weights: 0.28787539047104205 Ni 0.1849465898782432 Cr 0.37843118097887485 Co 0.14874683867183994 V 
Atom 5 weights: 0.23467910882812462 Ni 0.2531391791225077 Cr 0.31587637257620743 Co 0.19630533947316028 V 
Atom 6 weights: 0.23074188451132122 Ni 0.29812114537085055 Cr 0.28154912362491424 Co 0.1895878464929141 V 
Atom 7 weights: 0.32214121183418776 Ni 0.2946849623361204 Cr 0.18887588546180856 Co 0.1942979403678833 V 
Atom 8 weights: 0.31117587987842615 Ni 0.22217127018713984 Cr 0.21084217970681787 Co 0.2558106702276162 V 
Atom 9 weights: 0.26808865234069706 Ni 0.19664859064986095 Cr 0.2240988801481421 Co 0.31116387686129987 V 
Atom 10 weights: 0.3078581940578675 Ni 0.24108266223742023 Cr 0.33329210179473334 Co 0.11776704190997887 V 
Atom 11 weights: 0.3059515550148158 Ni 0.2477835366239901 Cr 0.35334361336849296 Co 0.09292129499270109 V 
Atom 12 weights: 0.15810917719388426 Ni 0.26078793193501293 Cr 0.12568664886874092 Co 0.4554162420023619 V 
Atom 13 weights: 0.27538840942076415 Ni 0.29801812775450215 Cr 0.22533903263987298 Co 0.20125443018486072 V 
Atom 14 weights: 0.2662377913408501 Ni 0.25046518779582816 Cr 0.17411037181285172 Co 0.30918664905047 V 
Atom 15 weights: 0.2681288707403764 Ni 0.20493738114212917 Cr 0.25956339522247585 Co 0.26737035289501854 V 
Atom 16 weights: 0.28212028572131786 Ni 0.20610567716613098 Cr 0.2830236440413332 Co 0.22875039307121794 V 
HEA binding free energy: 1.5933034770775867 eV, Target: 1.6 eV
Entropy: 20.859473781330777

Iteration 16, eta = 0.1
Atom 1 weights: 0.8651635612834266 Ni 0.00429111686048813 Cr 0.1292929874402854 Co 0.0012523344157999467 V 
Atom 2 weights: 0.1444446992853327 Ni 0.30429754849204244 Cr 0.0873541293655673 Co 0.46390362285705744 V 
Atom 3 weights: 0.11948293621966945 Ni 0.24561877617231878 Cr 0.10405813714538058 Co 0.5308401504626312 V 
Atom 4 weights: 0.3261126180603309 Ni 0.13417091691601443 Cr 0.4854666116689902 Co 0.05424985335466431 V 
Atom 5 weights: 0.21491300154260007 Ni 0.2536575794100707 Cr 0.3595424026740469 Co 0.17188701637328224 V 
Atom 6 weights: 0.22009118879327408 Ni 0.3366937078201924 Cr 0.31034180900729297 Co 0.13287329437924053 V 
Atom 7 weights: 0.3738552775099875 Ni 0.32914453630982154 Cr 0.1376635888797269 Co 0.1593365973004641 V 
Atom 8 weights: 0.34911787540391304 Ni 0.19854716876802692 Cr 0.17132991504788397 Co 0.2810050407801761 V 
Atom 9 weights: 0.22665600265291602 Ni 0.1457826073676287 Cr 0.15250547403236725 Co 0.47505591594708807 V 
Atom 10 weights: 0.35589619862404376 Ni 0.23372762392918403 Cr 0.40068366354002793 Co 0.009692513906744277 V 
Atom 11 weights: 0.328417280949729 Ni 0.24191507488540462 Cr 0.41408031913937127 Co 0.015587325025495063 V 
Atom 12 weights: 0.10373443528119773 Ni 0.269528471635825 Cr 0.04412223205911389 Co 0.5826148610238634 V 
Atom 13 weights: 0.3195014398038411 Ni 0.3407085261451342 Cr 0.22894567398718177 Co 0.11084436006384288 V 
Atom 14 weights: 0.26875749056376724 Ni 0.2501928053762995 Cr 0.10621560730872828 Co 0.37483409675120494 V 
Atom 15 weights: 0.27650534034963997 Ni 0.16955471754414428 Cr 0.26196005122639626 Co 0.2919798908798195 V 
Atom 16 weights: 0.31630633574569766 Ni 0.17368360037648384 Cr 0.3172644549948459 Co 0.19274560888297265 V 
HEA binding free energy: 1.2167196817888595 eV, Target: 1.6 eV
Entropy: 19.16400828037847

Iteration 17, eta = 0.1
Atom 1 weights: 0.8615307132778424 Ni 0.0037883481232783177 Cr 0.1257888665413343 Co 0.008892072057544921 V 
Atom 2 weights: 0.14226593618170671 Ni 0.30381557124785413 Cr 0.08532109047310626 Co 0.4685974020973329 V 
Atom 3 weights: 0.12018201985501702 Ni 0.2457198253797744 Cr 0.10469570031862835 Co 0.5294024544465803 V 
Atom 4 weights: 0.3239769787594425 Ni 0.13387496379050243 Cr 0.4835027392661518 Co 0.05864531818390324 V 
Atom 5 weights: 0.21538752432054953 Ni 0.25374393626134084 Cr 0.3599973767187223 Co 0.17087116269938746 V 
Atom 6 weights: 0.2202767143131732 Ni 0.3367453924415 Cr 0.3105236425038754 Co 0.1324542507414514 V 
Atom 7 weights: 0.37380266723209304 Ni 0.3291358136552001 Cr 0.13759544697842116 Co 0.15946607213428574 V 
Atom 8 weights: 0.3497033203630676 Ni 0.19864081133400519 Cr 0.17186253861613413 Co 0.27979332968679305 V 
Atom 9 weights: 0.22779944313874306 Ni 0.1460077780333646 Cr 0.15357143388216835 Co 0.47262134494572394 V 
Atom 10 weights: 0.35045087461274627 Ni 0.23280228856904842 Cr 0.39563653638935525 Co 0.02111030042885013 V 
Atom 11 weights: 0.323467285130843 Ni 0.2410679341045803 Cr 0.40949918853400524 Co 0.02596559223057155 V 
Atom 12 weights: 0.10610744099930608 Ni 0.27008984446669326 Cr 0.04634084841470249 Co 0.5774618661192982 V 
Atom 13 weights: 0.3224573479262681 Ni 0.3414138855021162 Cr 0.2317202185009032 Co 0.10440854807071258 V 
Atom 14 weights: 0.27152162541649444 Ni 0.25075615223899195 Cr 0.10878044071999962 Co 0.36894178162451396 V 
Atom 15 weights: 0.2792478754260709 Ni 0.17002852277434688 Cr 0.264524458321989 Co 0.28619914347759334 V 
Atom 16 weights: 0.3191311386019422 Ni 0.17418364314191417 Cr 0.31991668996984185 Co 0.18676852828630183 V 
HEA binding free energy: 1.6948106250594488 eV, Target: 1.6 eV
Entropy: 19.272511830445346

Iteration 18, eta = 0.1
Atom 1 weights: 0.8615307055436093 Ni 0.0037883858978671036 Cr 0.12578866626765658 Co 0.008892242290866959 V 
Atom 2 weights: 0.14226588368649534 Ni 0.30381560097316224 Cr 0.0853210217197506 Co 0.46859749362059183 V 
Atom 3 weights: 0.12018193859361892 Ni 0.2457198296414345 Cr 0.10469562012184519 Co 0.5294026116431015 V 
Atom 4 weights: 0.32397700213174696 Ni 0.133874918587006 Cr 0.48350282329416716 Co 0.058645255987079765 V 
Atom 5 weights: 0.21538750293227565 Ni 0.25374393553524327 Cr 0.3599974104897151 Co 0.17087115104276604 V 
Atom 6 weights: 0.22027669791145915 Ni 0.33674542261158785 Cr 0.31052366010789 Co 0.13245421936906296 V 
Atom 7 weights: 0.37380270965878404 Ni 0.32913584105284005 Cr 0.1375953996030573 Co 0.1594660496853187 V 
Atom 8 weights: 0.3497033541697202 Ni 0.19864078992220152 Cr 0.17186250473680897 Co 0.27979335117126936 V 
Atom 9 weights: 0.22779944170922664 Ni 0.14600774253020724 Cr 0.15357140500521818 Co 0.472621410755348 V 
Atom 10 weights: 0.35045091035361015 Ni 0.23280228251643592 Cr 0.39563658987281236 Co 0.02111021725714143 V 
Atom 11 weights: 0.3234673074920608 Ni 0.24106793054085895 Cr 0.40949924428378404 Co 0.025965517683296312 V 
Atom 12 weights: 0.10610740079341781 Ni 0.2700898540967779 Cr 0.04634078411529922 Co 0.5774619609945051 V 
Atom 13 weights: 0.322457390850438 Ni 0.3414139233353636 Cr 0.23172022587048005 Co 0.10440845994371849 V 
Atom 14 weights: 0.2715216435858779 Ni 0.2507561544136272 Cr 0.10878039635229171 Co 0.36894180564820317 V 
Atom 15 weights: 0.2792479025179297 Ni 0.17002849499337924 Cr 0.2645244785685859 Co 0.28619912392010505 V 
Atom 16 weights: 0.31913117770979993 Ni 0.1741836165334928 Cr 0.3199167284467558 Co 0.18676847730995158 V 
HEA binding free energy: 1.5680471686210322 eV, Target: 1.6 eV
Entropy: 19.27251073999184

Iteration 19, eta = 0.1
Atom 1 weights: 0.8614502740013008 Ni 0.0059412371102517195 Cr 0.11260068433988842 Co 0.020007804548558883 V 
Atom 2 weights: 0.1383840092995524 Ni 0.3056893316647712 Cr 0.08036708998333425 Co 0.4755595690523421 V 
Atom 3 weights: 0.1142737135004128 Ni 0.24588458488279483 Cr 0.09888146752595922 Co 0.540960234090833 V 
Atom 4 weights: 0.32529512478379546 Ni 0.13079847516942864 Cr 0.4888939002074955 Co 0.05501249983928044 V 
Atom 5 weights: 0.213909333820454 Ni 0.2536800073565213 Cr 0.3622139868134492 Co 0.17019667200957567 V 
Atom 6 weights: 0.21920777672666092 Ni 0.33876863718782785 Cr 0.31172955501530153 Co 0.13029403107020962 V 
Atom 7 weights: 0.3767100388587705 Ni 0.3309828970069892 Cr 0.13448808449082877 Co 0.15781897964341146 V 
Atom 8 weights: 0.35197291637900446 Ni 0.19720885839383825 Cr 0.16960196030803235 Co 0.281216264919125 V 
Atom 9 weights: 0.22768331244851636 Ni 0.14360520136025737 Cr 0.1516122167397902 Co 0.4770992694514361 V 
Atom 10 weights: 0.35293475164205235 Ni 0.23241362564798096 Cr 0.39930042399931776 Co 0.015351198710648974 V 
Atom 11 weights: 0.3250086484864043 Ni 0.24083762630541103 Cr 0.41327073165169803 Co 0.02088299355648663 V 
Atom 12 weights: 0.10355836627303812 Ni 0.2707917193332178 Cr 0.042175433224744194 Co 0.5834744811689999 V 
Atom 13 weights: 0.3256330555568187 Ni 0.34400507635459027 Cr 0.23249227303840236 Co 0.0978695950501887 V 
Atom 14 weights: 0.2725085022639815 Ni 0.2508587166284676 Cr 0.10559863209276427 Co 0.3710341490147867 V 
Atom 15 weights: 0.28154595950847505 Ni 0.16825402459581187 Cr 0.26633109530406207 Co 0.28386892059165103 V 
Atom 16 weights: 0.32223431979668726 Ni 0.17247893748235382 Cr 0.3229422249742541 Co 0.1823445177467047 V 
HEA binding free energy: 1.6711278300290442 eV, Target: 1.6 eV
Entropy: 19.183791425065326

Iteration 20, eta = 0.1
Atom 1 weights: 0.8613329173234546 Ni 0.008920475117614896 Cr 0.09432814931866713 Co 0.035418458240263344 V 
Atom 2 weights: 0.13304426027184738 Ni 0.30829216217317845 Cr 0.07353954254320628 Co 0.48512403501176793 V 
Atom 3 weights: 0.10605762204312134 Ni 0.24610546084461915 Cr 0.09079804474187239 Co 0.5570388723703872 V 
Atom 4 weights: 0.32711146975718985 Ni 0.12653691424604194 Cr 0.49635240548164405 Co 0.049999210515124085 V 
Atom 5 weights: 0.21186062439762612 Ni 0.25359154083398827 Cr 0.3652828423520722 Co 0.1692649924163135 V 
Atom 6 weights: 0.21771852190551946 Ni 0.3415692022857766 Cr 0.31339162997602593 Co 0.1273206458326781 V 
Atom 7 weights: 0.3807274770267366 Ni 0.33353933675991093 Cr 0.13017557848163502 Co 0.15555760773171742 V 
Atom 8 weights: 0.35511328238862694 Ni 0.19522509965570387 Cr 0.16646814769140833 Co 0.28319347026426084 V 
Atom 9 weights: 0.22755405405258713 Ni 0.14028246935844563 Cr 0.148927822323923 Co 0.4832356542650442 V 
Atom 10 weights: 0.35637692024552575 Ni 0.23187589270537026 Cr 0.4043769363993473 Co 0.007370250649756719 V 
Atom 11 weights: 0.3271532689686407 Ni 0.24052058430950166 Cr 0.4185036793527977 Co 0.013822467369060086 V 
Atom 12 weights: 0.1000269373473654 Ni 0.271763179037982 Cr 0.03640531985114566 Co 0.5918045637635071 V 
Atom 13 weights: 0.33002903029839514 Ni 0.3475936930660477 Cr 0.233559450190193 Co 0.08881782644536422 V 
Atom 14 weights: 0.27388336415054193 Ni 0.25100236152909977 Cr 0.10119919694002902 Co 0.37391507738032925 V 
Atom 15 weights: 0.28472751836521587 Ni 0.16579585892001816 Cr 0.2688320269214874 Co 0.2806445957932786 V 
Atom 16 weights: 0.3265293253943089 Ni 0.17011758658719328 Cr 0.32713002906324484 Co 0.17622305895525295 V 
HEA binding free energy: 1.649170078137414 eV, Target: 1.6 eV
Entropy: 19.034774068994263

Iteration 21, eta = 0.2
Atom 1 weights: 0.8613329173234546 Ni 0.008920475117614896 Cr 0.09432814931866713 Co 0.035418458240263344 V 
Atom 2 weights: 0.13304426027184738 Ni 0.30829216217317845 Cr 0.07353954254320628 Co 0.48512403501176793 V 
Atom 3 weights: 0.10605762204312134 Ni 0.24610546084461915 Cr 0.09079804474187239 Co 0.5570388723703872 V 
Atom 4 weights: 0.32711146975718985 Ni 0.12653691424604194 Cr 0.49635240548164405 Co 0.049999210515124085 V 
Atom 5 weights: 0.21186062439762612 Ni 0.25359154083398827 Cr 0.3652828423520722 Co 0.1692649924163135 V 
Atom 6 weights: 0.21771852190551946 Ni 0.3415692022857766 Cr 0.31339162997602593 Co 0.1273206458326781 V 
Atom 7 weights: 0.3807274770267366 Ni 0.33353933675991093 Cr 0.13017557848163502 Co 0.15555760773171742 V 
Atom 8 weights: 0.35511328238862694 Ni 0.19522509965570387 Cr 0.16646814769140833 Co 0.28319347026426084 V 
Atom 9 weights: 0.22755405405258713 Ni 0.14028246935844563 Cr 0.148927822323923 Co 0.4832356542650442 V 
Atom 10 weights: 0.35637692024552575 Ni 0.23187589270537026 Cr 0.4043769363993473 Co 0.007370250649756719 V 
Atom 11 weights: 0.3271532689686407 Ni 0.24052058430950166 Cr 0.4185036793527977 Co 0.013822467369060086 V 
Atom 12 weights: 0.1000269373473654 Ni 0.271763179037982 Cr 0.03640531985114566 Co 0.5918045637635071 V 
Atom 13 weights: 0.33002903029839514 Ni 0.3475936930660477 Cr 0.233559450190193 Co 0.08881782644536422 V 
Atom 14 weights: 0.27388336415054193 Ni 0.25100236152909977 Cr 0.10119919694002902 Co 0.37391507738032925 V 
Atom 15 weights: 0.28472751836521587 Ni 0.16579585892001816 Cr 0.2688320269214874 Co 0.2806445957932786 V 
Atom 16 weights: 0.3265293253943089 Ni 0.17011758658719328 Cr 0.32713002906324484 Co 0.17622305895525295 V 
HEA binding free energy: 1.6327452617539002 eV, Target: 1.6 eV
Entropy: 19.034774068994263

Iteration 22, eta = 0.2
Atom 1 weights: 0.896014031445549 Ni 0.0 Cr 0.08121721582913718 Co 0.022768752725313757 V 
Atom 2 weights: 0.1285023155828137 Ni 0.31312724385232094 Cr 0.06500376510550933 Co 0.4933666754593561 V 
Atom 3 weights: 0.09813011615968838 Ni 0.2465221922961409 Cr 0.08189968213253153 Co 0.5734480094116392 V 
Atom 4 weights: 0.3340867814320955 Ni 0.1187335145720459 Cr 0.5142447273254985 Co 0.032934976670360105 V 
Atom 5 weights: 0.2105116411819055 Ni 0.25403925932916277 Cr 0.3738769659080633 Co 0.1615721335808684 V 
Atom 6 weights: 0.21702895464460648 Ni 0.3478395900458449 Cr 0.3188452554010607 Co 0.11628619990848796 V 
Atom 7 weights: 0.3906284833934569 Ni 0.3392591605291271 Cr 0.12359363976781035 Co 0.1465187163096058 V 
Atom 8 weights: 0.36333284256184273 Ni 0.1918572848048381 Cr 0.16225292724156815 Co 0.2825569453917511 V 
Atom 9 weights: 0.22447199200259055 Ni 0.13287378790324808 Cr 0.1408438790573016 Co 0.5018103410368598 V 
Atom 10 weights: 0.3603416237541017 Ni 0.22812354855126674 Cr 0.41153482769463157 Co 0.0 V 
Atom 11 weights: 0.33152758418333655 Ni 0.2395742258194578 Cr 0.42889818999720575 Co 0.0 V 
Atom 12 weights: 0.08918811049824789 Ni 0.272879300376381 Cr 0.021452089675962172 Co 0.616480499449409 V 
Atom 13 weights: 0.3331267781248002 Ni 0.35351758224974406 Cr 0.2305054091999848 Co 0.08285023042547102 V 
