   Eewald =     5476.0859548239914147
       EH =     7411.4729505746390714
     Eloc =   -15186.6992528138416674
      Enl =     -578.7561737134718669
   Epulay =       -0.0004913455400888
      Exc =     -256.5026941810567109
       KE =      982.4562623108489561
        U =        1.6144879460772337
-------------------------------------
     Etot =    -2150.3289563983544213
       TS =        0.0008144416418071
-------------------------------------
        F =    -2150.3297708399963994
