   Eewald =     4411.1340932590319426
       EH =     5664.9952529485954074
     Eloc =   -11740.4621176035161625
      Enl =     -213.5488989770979629
   Epulay =       -0.0003063872762097
      Exc =     -196.1403876504161019
       KE =      663.2620477926905096
-------------------------------------
     Etot =    -1410.7603166179876553
       TS =        0.0044518416870801
-------------------------------------
        F =    -1410.7647684596747695
