   Eewald =     5808.2252466692816597
       EH =     7804.4101985684683314
     Eloc =   -15965.6839746349305642
      Enl =     -612.4142048360797617
   Epulay =       -0.0004911042135150
      Exc =     -261.7309446493165979
       KE =     1010.9040660836708412
        U =        1.5635317157632882
-------------------------------------
     Etot =    -2214.7265721873568509
       TS =        0.0006706637623379
-------------------------------------
        F =    -2214.7272428511191720
