   Eewald =     5557.6372728310107050
       EH =     7464.3715131052185825
     Eloc =   -15285.5603865374432644
      Enl =     -566.6218594217796181
   Epulay =       -0.0004871405826656
      Exc =     -254.0054406284254469
       KE =      969.5798299857567599
        U =        1.3510073025686518
-------------------------------------
     Etot =    -2113.2485505036770519
       TS =        0.0006044130030099
-------------------------------------
        F =    -2113.2491549166802542
