Initilizing minimization for species Ni Cr Co V 

Target: 1.6 eV
Performing first surface calculations...
Surface calculations successfully finished.
Initial entropy parameter eta set to 0.05
_____________________________________________________________________
Beginning minimzation


Iteration 1, eta = 0.05
Atom 1 weights: 0.2750468073973044 Ni 0.23704325533955592 Cr 0.24590241563893228 Co 0.2420075216242074 V 
Atom 2 weights: 0.25662691837695323 Ni 0.24488180945138227 Cr 0.23518346011961674 Co 0.26330781205204773 V 
Atom 3 weights: 0.2638041216975473 Ni 0.24876955923044777 Cr 0.26215279136950936 Co 0.22527352770249565 V 
Atom 4 weights: 0.22086289578735058 Ni 0.24844264898595717 Cr 0.2689598754641936 Co 0.2617345797624987 V 
Atom 5 weights: 0.2697043236409195 Ni 0.2810570199137788 Cr 0.19991751434715216 Co 0.24932114209814962 V 
Atom 6 weights: 0.23859093086897254 Ni 0.2529104097066687 Cr 0.27652934785672156 Co 0.2319693115676372 V 
Atom 7 weights: 0.2652626440335018 Ni 0.27472062175413997 Cr 0.21961220828645164 Co 0.24040452592590644 V 
Atom 8 weights: 0.2629372057144701 Ni 0.23750068334372704 Cr 0.24039345514126623 Co 0.2591686558005366 V 
Atom 9 weights: 0.27505899064626527 Ni 0.20033599832945617 Cr 0.26395407274140226 Co 0.2606509382828764 V 
Atom 10 weights: 0.2534795207237338 Ni 0.26149252353585817 Cr 0.2276745303126576 Co 0.2573534254277504 V 
Atom 11 weights: 0.27097144401969153 Ni 0.254740036686991 Cr 0.2547501137252727 Co 0.21953840556804483 V 
Atom 12 weights: 0.22335541834375877 Ni 0.2694294912148303 Cr 0.2824327301194878 Co 0.22478236032192334 V 
Atom 13 weights: 0.26778168190611634 Ni 0.28401433102750273 Cr 0.24084727193136377 Co 0.20735671513501716 V 
Atom 14 weights: 0.22081696419873328 Ni 0.21122912361980334 Cr 0.2899994519318333 Co 0.2779544602496301 V 
Atom 15 weights: 0.2682104321419654 Ni 0.2519472068948694 Cr 0.23532804932664672 Co 0.24451431163651857 V 
Atom 16 weights: 0.2860457422986465 Ni 0.285531300799104 Cr 0.2039748771493659 Co 0.22444807975288364 V 
HEA binding free energy: 0.5939936021043587 eV, Target: 1.6 eV
Entropy: 22.11305731179249

Iteration 2, eta = 0.05
Atom 1 weights: 0.2836349196401705 Ni 0.23361785317445133 Cr 0.251841328884747 Co 0.23090589830063113 V 
Atom 2 weights: 0.258693772634234 Ni 0.24514535308531785 Cr 0.23704374416789387 Co 0.2591171301125543 V 
Atom 3 weights: 0.26580435781601897 Ni 0.24900244827250506 Cr 0.26395186395711195 Co 0.22124132995436402 V 
Atom 4 weights: 0.22376516343704408 Ni 0.24892501098751973 Cr 0.2716480497770604 Co 0.2556617757983758 V 
Atom 5 weights: 0.27036443750148526 Ni 0.2812084957194632 Cr 0.2005031544193424 Co 0.24792391235970904 V 
Atom 6 weights: 0.23905866402479267 Ni 0.25304396577599364 Cr 0.27699676036884735 Co 0.2309006098303663 V 
Atom 7 weights: 0.26582915179302813 Ni 0.27489036954580587 Cr 0.22013821663157523 Co 0.23914226202959085 V 
Atom 8 weights: 0.2635160175673411 Ni 0.23761084495932835 Cr 0.2409236700527519 Co 0.25794946742057856 V 
Atom 9 weights: 0.2733299840134118 Ni 0.20005278936559812 Cr 0.26236149886502497 Co 0.264255727755965 V 
Atom 10 weights: 0.25275114596593035 Ni 0.26139545962704985 Cr 0.2270025244258209 Co 0.258850869981199 V 
Atom 11 weights: 0.2705861884007263 Ni 0.25470279471599166 Cr 0.2544008379634027 Co 0.22031017891987933 V 
Atom 12 weights: 0.22261168176343415 Ni 0.26935736603735266 Cr 0.28179391634100287 Co 0.22623703585821037 V 
Atom 13 weights: 0.2654892532990608 Ni 0.28361653944296933 Cr 0.23872594620009147 Co 0.2121682610578784 V 
Atom 14 weights: 0.21876615876448094 Ni 0.2108834606781582 Cr 0.28813928119003035 Co 0.2822110993673305 V 
Atom 15 weights: 0.26601790419383414 Ni 0.25156851205930014 Cr 0.23329570614215486 Co 0.24911787760471074 V 
Atom 16 weights: 0.28376936576776013 Ni 0.28513891260210644 Cr 0.20184609942983778 Co 0.22924562220029557 V 
HEA binding free energy: 0.7198772606704076 eV, Target: 1.6 eV
Entropy: 22.112216154754837

Iteration 3, eta = 0.05
Atom 1 weights: 0.5124833816356605 Ni 0.08732084851575583 Cr 0.40019576984858374 Co 0.0 V 
Atom 2 weights: 0.32725026899398607 Ni 0.25410014248911617 Cr 0.2988698509739491 Co 0.11977973754294866 V 
Atom 3 weights: 0.3662515906714213 Ni 0.26289673963066845 Cr 0.3551995382560223 Co 0.015652131441887873 V 
Atom 4 weights: 0.30064134932468783 Ni 0.26126865854817416 Cr 0.34280036724075963 Co 0.09528962488637824 V 
Atom 5 weights: 0.2901236345810091 Ni 0.2858728967904023 Cr 0.2180902051098873 Co 0.20591326351870132 V 
Atom 6 weights: 0.24624619164342082 Ni 0.2557201279335689 Cr 0.2846717782933932 Co 0.21336190212961711 V 
Atom 7 weights: 0.28303353376052054 Ni 0.28023546487186424 Cr 0.2361934977279378 Co 0.20053750363967746 V 
Atom 8 weights: 0.27362319811168256 Ni 0.23943134202876867 Cr 0.2500688450057281 Co 0.2368766148538206 V 
Atom 9 weights: 0.2063168643971091 Ni 0.18895504177675887 Cr 0.20050349077533544 Co 0.4042246030507966 V 
Atom 10 weights: 0.2276756395006687 Ni 0.2580325989311608 Cr 0.20392742387268764 Co 0.3103643376954828 V 
Atom 11 weights: 0.24866575072269706 Ni 0.2510482570470907 Cr 0.23416555321622146 Co 0.26612043901399074 V 
Atom 12 weights: 0.1833237387783379 Ni 0.2640192946343028 Cr 0.2468978104170743 Co 0.3057591561702851 V 
Atom 13 weights: 0.1979072217327349 Ni 0.27208622188262255 Cr 0.17622456349935967 Co 0.35378199288528295 V 
Atom 14 weights: 0.15613070579799587 Ni 0.20048868703978318 Cr 0.23134009017647328 Co 0.4120405169857476 V 
Atom 15 weights: 0.20483638154079037 Ni 0.24118848777793295 Cr 0.17660209346641081 Co 0.3773730372148659 V 
Atom 16 weights: 0.21151014490947453 Ni 0.27273774533667494 Cr 0.1343385974700243 Co 0.38141351228382625 V 
HEA binding free energy: 1.4668540687938252 eV, Target: 1.6 eV
Entropy: 21.00726180910403

Iteration 4, eta = 0.05
Atom 1 weights: 0.5094161529264598 Ni 0.09180699226797129 Cr 0.3987768548055689 Co 5.551115123125783e-17 V 
Atom 2 weights: 0.32427391681992124 Ni 0.2536231922727529 Cr 0.29613666583898773 Co 0.12596622506833813 V 
Atom 3 weights: 0.36316794176223877 Ni 0.26241574332500084 Cr 0.35237480186231873 Co 0.022041513050441663 V 
Atom 4 weights: 0.2976632414029465 Ni 0.2607520775044374 Cr 0.3400578302025951 Co 0.10152685089002107 V 
Atom 5 weights: 0.2900961069430114 Ni 0.2858832984590437 Cr 0.21806056364971893 Co 0.20596003094822582 V 
Atom 6 weights: 0.24636839491518245 Ni 0.25573733930570847 Cr 0.2847836715073553 Co 0.2131105942717538 V 
Atom 7 weights: 0.2830369645805423 Ni 0.280224404156055 Cr 0.23618382988241646 Co 0.2005548013809863 V 
Atom 8 weights: 0.2737205743882275 Ni 0.23946483346681063 Cr 0.25016167418234564 Co 0.23665291796261617 V 
Atom 9 weights: 0.20824119897101634 Ni 0.18927798662140188 Cr 0.2022833320888079 Co 0.40019748231877383 V 
Atom 10 weights: 0.22870840301417966 Ni 0.2581855504269235 Cr 0.2048683983925849 Co 0.30823764816631205 V 
Atom 11 weights: 0.24937725186582582 Ni 0.251135702930396 Cr 0.23480998368327582 Co 0.2646770615205023 V 
Atom 12 weights: 0.18434595773111306 Ni 0.2641977321461181 Cr 0.24784018530617144 Co 0.30361612481659744 V 
Atom 13 weights: 0.19969900279242736 Ni 0.2724254915740604 Cr 0.17787801606834158 Co 0.34999748956517057 V 
Atom 14 weights: 0.15774603362061262 Ni 0.20076186061089957 Cr 0.23284256160714162 Co 0.40864954416134625 V 
Atom 15 weights: 0.20654188012543154 Ni 0.24149632430029738 Cr 0.17817536939961756 Co 0.3737864261746534 V 
Atom 16 weights: 0.2131948481843072 Ni 0.273053893329284 Cr 0.13588717129296954 Co 0.37786408719343934 V 
HEA binding free energy: 1.5053795472936595 eV, Target: 1.6 eV
Entropy: 21.060501406294698

Iteration 5, eta = 0.05
Atom 1 weights: 0.5085188015416692 Ni 0.09259478754709555 Cr 0.39822170549586744 Co 0.0006647054153679677 V 
Atom 2 weights: 0.3237161348848055 Ni 0.2535386369000206 Cr 0.2956250967662005 Co 0.12712013144897333 V 
Atom 3 weights: 0.36250180027932294 Ni 0.2623162327881938 Cr 0.3517664976028663 Co 0.023415469329616752 V 
Atom 4 weights: 0.2970553053605018 Ni 0.2606516921008189 Cr 0.3395024753699639 Co 0.10279052716871524 V 
Atom 5 weights: 0.28998826962000457 Ni 0.2858619739684993 Cr 0.21795369299074832 Co 0.20619606342074787 V 
Atom 6 weights: 0.24631784604930687 Ni 0.25572287836648794 Cr 0.28473747130580396 Co 0.21322180427840123 V 
Atom 7 weights: 0.2829403081305067 Ni 0.28019954776586514 Cr 0.23608711506303345 Co 0.20077302904059477 V 
Atom 8 weights: 0.2736610171995819 Ni 0.2394520031317317 Cr 0.25010418216894353 Co 0.2367827974997428 V 
Atom 9 weights: 0.20866564957630737 Ni 0.18934209582666411 Cr 0.20267450370965948 Co 0.399317750887369 V 
Atom 10 weights: 0.22888586443702671 Ni 0.2582130413097761 Cr 0.20502802452418706 Co 0.30787306972901013 V 
Atom 11 weights: 0.24952889103871906 Ni 0.25116061460892986 Cr 0.23494760615160265 Co 0.2643628882007484 V 
Atom 12 weights: 0.18461322068627006 Ni 0.2642435510895755 Cr 0.2480892738266617 Co 0.3030539543974928 V 
Atom 13 weights: 0.20015875677518866 Ni 0.2725095039024341 Cr 0.17829870908669027 Co 0.349033030235687 V 
Atom 14 weights: 0.15816530527581718 Ni 0.20082640324057596 Cr 0.23323437375331652 Co 0.40777391773029037 V 
Atom 15 weights: 0.20696303776527178 Ni 0.24156801298361083 Cr 0.17856019728846778 Co 0.3729087519626496 V 
Atom 16 weights: 0.21366884110299958 Ni 0.27314086337042676 Cr 0.13631661914043589 Co 0.37687367638613783 V 
HEA binding free energy: 1.6127109477291979 eV, Target: 1.6 eV
Entropy: 21.076571913906072

Iteration 6, eta = 0.1
Atom 1 weights: 0.5085188015416692 Ni 0.09259478754709555 Cr 0.39822170549586744 Co 0.0006647054153679677 V 
Atom 2 weights: 0.3237161348848055 Ni 0.2535386369000206 Cr 0.2956250967662005 Co 0.12712013144897333 V 
Atom 3 weights: 0.36250180027932294 Ni 0.2623162327881938 Cr 0.3517664976028663 Co 0.023415469329616752 V 
Atom 4 weights: 0.2970553053605018 Ni 0.2606516921008189 Cr 0.3395024753699639 Co 0.10279052716871524 V 
Atom 5 weights: 0.28998826962000457 Ni 0.2858619739684993 Cr 0.21795369299074832 Co 0.20619606342074787 V 
Atom 6 weights: 0.24631784604930687 Ni 0.25572287836648794 Cr 0.28473747130580396 Co 0.21322180427840123 V 
Atom 7 weights: 0.2829403081305067 Ni 0.28019954776586514 Cr 0.23608711506303345 Co 0.20077302904059477 V 
Atom 8 weights: 0.2736610171995819 Ni 0.2394520031317317 Cr 0.25010418216894353 Co 0.2367827974997428 V 
Atom 9 weights: 0.20866564957630737 Ni 0.18934209582666411 Cr 0.20267450370965948 Co 0.399317750887369 V 
Atom 10 weights: 0.22888586443702671 Ni 0.2582130413097761 Cr 0.20502802452418706 Co 0.30787306972901013 V 
Atom 11 weights: 0.24952889103871906 Ni 0.25116061460892986 Cr 0.23494760615160265 Co 0.2643628882007484 V 
Atom 12 weights: 0.18461322068627006 Ni 0.2642435510895755 Cr 0.2480892738266617 Co 0.3030539543974928 V 
Atom 13 weights: 0.20015875677518866 Ni 0.2725095039024341 Cr 0.17829870908669027 Co 0.349033030235687 V 
Atom 14 weights: 0.15816530527581718 Ni 0.20082640324057596 Cr 0.23323437375331652 Co 0.40777391773029037 V 
Atom 15 weights: 0.20696303776527178 Ni 0.24156801298361083 Cr 0.17856019728846778 Co 0.3729087519626496 V 
Atom 16 weights: 0.21366884110299958 Ni 0.27314086337042676 Cr 0.13631661914043589 Co 0.37687367638613783 V 
HEA binding free energy: 1.4682064730251694 eV, Target: 1.6 eV
Entropy: 21.076571913906072

Iteration 7, eta = 0.1
Atom 1 weights: 0.5130097201064925 Ni 0.08673623832798492 Cr 0.40025404156552263 Co 0.0 V 
Atom 2 weights: 0.31885275312670025 Ni 0.25252243741168223 Cr 0.29096575077627246 Co 0.13765905868534506 V 
Atom 3 weights: 0.35973315611542733 Ni 0.2617443040215778 Cr 0.3491727042005603 Co 0.029349835662434508 V 
Atom 4 weights: 0.29188287526248197 Ni 0.25966053936569733 Cr 0.3349472351384422 Co 0.11350935023337853 V 
Atom 5 weights: 0.29119035552354994 Ni 0.2863018952397781 Cr 0.2186911326111379 Co 0.20381661662553407 V 
Atom 6 weights: 0.24734312133930839 Ni 0.2560092268167013 Cr 0.28591463716840737 Co 0.21073301467558303 V 
Atom 7 weights: 0.28423863585232845 Ni 0.28064661647527683 Cr 0.23705966890966637 Co 0.1980550787627284 V 
Atom 8 weights: 0.27457291085790037 Ni 0.23959154376034034 Cr 0.25083821936292344 Co 0.23499732601883574 V 
Atom 9 weights: 0.20973593908544697 Ni 0.18926710628573418 Cr 0.2036253227077375 Co 0.3973716319210812 V 
Atom 10 weights: 0.2304579637225983 Ni 0.25861464788901084 Cr 0.2063508232330386 Co 0.3045765651553522 V 
Atom 11 weights: 0.2510011601472872 Ni 0.2514740747382482 Cr 0.23624336526872997 Co 0.26128139984573473 V 
Atom 12 weights: 0.18417155189552403 Ni 0.26427959902084647 Cr 0.24800246258495542 Co 0.3035463864986741 V 
Atom 13 weights: 0.20109064137406116 Ni 0.272862170233847 Cr 0.17901961399947267 Co 0.3470275743926192 V 
Atom 14 weights: 0.15901435191826122 Ni 0.20079085252330148 Cr 0.2344025817678479 Co 0.4057922137905895 V 
Atom 15 weights: 0.2078158688088257 Ni 0.241702017124065 Cr 0.17917182463195347 Co 0.37131028943515587 V 
Atom 16 weights: 0.21503274299693695 Ni 0.273601142390978 Cr 0.13714323326708505 Co 0.3742228813450001 V 
HEA binding free energy: 1.5085427536270413 eV, Target: 1.6 eV
Entropy: 21.102428044855333

Iteration 8, eta = 0.1
Atom 1 weights: 0.5163978466746703 Ni 0.08194832392265396 Cr 0.4016538294026757 Co 2.7755575615628914e-17 V 
Atom 2 weights: 0.3196818538089096 Ni 0.25252965277437506 Cr 0.29158104340204005 Co 0.13620745001467538 V 
Atom 3 weights: 0.36134586279233205 Ni 0.26192713232157083 Cr 0.35063051531914496 Co 0.026096489566952173 V 
Atom 4 weights: 0.2924507351082394 Ni 0.2596780008888297 Cr 0.33568377975439634 Co 0.11218748424853461 V 
Atom 5 weights: 0.2926529741490522 Ni 0.286737650645294 Cr 0.21968055116826693 Co 0.2009288240373869 V 
Atom 6 weights: 0.2485622880452183 Ni 0.25629109712345105 Cr 0.28724960838196284 Co 0.2078970064493679 V 
Atom 7 weights: 0.2856406349723186 Ni 0.28106327803667464 Cr 0.23813025647297587 Co 0.19516583051803088 V 
Atom 8 weights: 0.2758751524690982 Ni 0.23976110843433637 Cr 0.25193019504454905 Co 0.23243354405201633 V 
Atom 9 weights: 0.2092722146373598 Ni 0.18891543648123663 Cr 0.20315029770675178 Co 0.39866205117465187 V 
Atom 10 weights: 0.2305075972748771 Ni 0.25869797652858406 Cr 0.20626456239747257 Co 0.30452986379906616 V 
Atom 11 weights: 0.25119863076496896 Ni 0.25153158465814607 Cr 0.236354971883532 Co 0.26091481269335287 V 
Atom 12 weights: 0.18313599041774106 Ni 0.26422021437253046 Cr 0.2473528401999963 Co 0.3052909550097321 V 
Atom 13 weights: 0.19934003296874164 Ni 0.2726952196805478 Cr 0.17727035712815098 Co 0.35069439022255966 V 
Atom 14 weights: 0.1570891781487183 Ni 0.20028680384502465 Cr 0.23298504559515165 Co 0.40963897241110536 V 
Atom 15 weights: 0.2060106298846497 Ni 0.24136270752163172 Cr 0.1773396500931949 Co 0.3752870125005236 V 
Atom 16 weights: 0.2135746540207136 Ni 0.2734916173383817 Cr 0.13538152004001824 Co 0.37755220860088656 V 
HEA binding free energy: 1.5240407162550815 eV, Target: 1.6 eV
Entropy: 21.068828474219007

Iteration 9, eta = 0.1
Atom 1 weights: 0.5212349673731405 Ni 0.07515216623914765 Cr 0.403612866387712 Co 0.0 V 
Atom 2 weights: 0.31960003925894187 Ni 0.25233117672976857 Cr 0.2912608466304013 Co 0.13680793738088834 V 
Atom 3 weights: 0.36222999266657674 Ni 0.26195298491997376 Cr 0.3514029520048807 Co 0.024414070408568696 V 
Atom 4 weights: 0.29203088658788856 Ni 0.2595545347625767 Cr 0.3356941061136255 Co 0.11272047253590921 V 
Atom 5 weights: 0.29368784450362495 Ni 0.2871892798520748 Cr 0.21999499229125366 Co 0.19912788335304654 V 
Atom 6 weights: 0.24915853348394637 Ni 0.25647926204973587 Cr 0.2881591180117522 Co 0.20620308645456545 V 
Atom 7 weights: 0.2866167770829478 Ni 0.28148982817172946 Cr 0.23862920677962798 Co 0.19326418796569475 V 
Atom 8 weights: 0.2766776874779159 Ni 0.23977067844338626 Cr 0.2524691380191566 Co 0.23108249605954126 V 
Atom 9 weights: 0.20939919695241913 Ni 0.1884608387794023 Cr 0.20319070434627803 Co 0.3989492599219006 V 
Atom 10 weights: 0.23092375770720203 Ni 0.2588890655383449 Cr 0.20641566321899354 Co 0.3037715135354595 V 
Atom 11 weights: 0.2516875449014867 Ni 0.25164460434291525 Cr 0.23667624196140893 Co 0.25999160879418914 V 
Atom 12 weights: 0.18253528463549962 Ni 0.2643615498338331 Cr 0.24734413793538973 Co 0.3057590275952776 V 
Atom 13 weights: 0.1986242857095539 Ni 0.2728454405765388 Cr 0.17636988272392265 Co 0.3521603909899846 V 
Atom 14 weights: 0.15588679637206188 Ni 0.19976257278280193 Cr 0.23249995440111051 Co 0.4118506764440257 V 
Atom 15 weights: 0.20527606036861953 Ni 0.2412082649428304 Cr 0.1763642283638573 Co 0.3771514463246929 V 
Atom 16 weights: 0.21295367208775864 Ni 0.27364622344300993 Cr 0.13406715955110032 Co 0.379332944918131 V 
HEA binding free energy: 1.5355212232141546 eV, Target: 1.6 eV
Entropy: 21.045133579908303

Iteration 10, eta = 0.1
Atom 1 weights: 0.5213371420394023 Ni 0.07501012145382152 Cr 0.4036527365067761 Co 0.0 V 
Atom 2 weights: 0.31959160199500525 Ni 0.25232618322722894 Cr 0.2912476695630168 Co 0.13683454521474894 V 
Atom 3 weights: 0.362240727609421 Ni 0.26195235713548776 Cr 0.35141198928236045 Co 0.02439492597273071 V 
Atom 4 weights: 0.2920127587243772 Ni 0.2595506854593606 Cr 0.3356866956363534 Co 0.1127498601799088 V 
Atom 5 weights: 0.2937014988456973 Ni 0.2871974496014847 Cr 0.2199927701496908 Co 0.1991082814031272 V 
Atom 6 weights: 0.24916197046407085 Ni 0.25648138730272474 Cr 0.2881704112808915 Co 0.20618623095231295 V 
Atom 7 weights: 0.286628164416561 Ni 0.2814971897851497 Cr 0.23863033968241762 Co 0.19324430611587165 V 
Atom 8 weights: 0.27668646778005684 Ni 0.23976889857736 Cr 0.25247250180015507 Co 0.23107213184242814 V 
Atom 9 weights: 0.2093980864883305 Ni 0.18844958482059293 Cr 0.2031878702731994 Co 0.39896445841787725 V 
Atom 10 weights: 0.23093366821846634 Ni 0.2588935740128937 Cr 0.20641947309698108 Co 0.30375328467165896 V 
Atom 11 weights: 0.25169855366194355 Ni 0.25164705844696095 Cr 0.23668338314632162 Co 0.25997100474477375 V 
Atom 12 weights: 0.1825206389281183 Ni 0.2643646176805038 Cr 0.24734312651268883 Co 0.30577161687868915 V 
Atom 13 weights: 0.1986218715563185 Ni 0.27285148140141546 Cr 0.17636210709875072 Co 0.35216453994351526 V 
Atom 14 weights: 0.15587541210497968 Ni 0.19975327484571062 Cr 0.23250378650711973 Co 0.41186752654219 V 
Atom 15 weights: 0.20527497381918702 Ni 0.24120754613486073 Cr 0.17635637270430346 Co 0.3771611073416489 V 
Atom 16 weights: 0.21295383339490007 Ni 0.27365253944578505 Cr 0.13405026877773923 Co 0.3793433583815756 V 
HEA binding free energy: 1.5492409423927824 eV, Target: 1.6 eV
Entropy: 21.04478784236861

Iteration 11, eta = 0.1
Atom 1 weights: 0.5759129499987394 Ni 2.609024107869118e-15 Cr 0.4240870500012553 Co 2.609024107869118e-15 V 
Atom 2 weights: 0.3157275351495529 Ni 0.24972863926301342 Cr 0.28469851134740276 Co 0.14984531424003092 V 
Atom 3 weights: 0.3690935469502562 Ni 0.2617852282755333 Cr 0.35726541885188634 Co 0.011855805922324112 V 
Atom 4 weights: 0.28245114349148426 Ni 0.2574933470438498 Cr 0.3320482871624395 Co 0.12800722230222636 V 
Atom 5 weights: 0.3006253965686945 Ni 0.29165187535223513 Cr 0.21814820168089108 Co 0.1895745263981793 V 
Atom 6 weights: 0.25042578141803923 Ni 0.25757582909598287 Cr 0.2938592655381968 Co 0.19813912394778116 V 
Atom 7 weights: 0.2923919425263022 Ni 0.28551287459733254 Cr 0.23874173030310045 Co 0.1833534525732649 V 
Atom 8 weights: 0.2808857414429123 Ni 0.23869067604998886 Cr 0.2537191613038136 Co 0.2267044212032853 V 
Atom 9 weights: 0.20847765452206332 Ni 0.1820677208319693 Cr 0.2013131293394528 Co 0.40814149530651456 V 
Atom 10 weights: 0.2338113871084874 Ni 0.2608400748152249 Cr 0.20608030851782974 Co 0.299268229558458 V 
Atom 11 weights: 0.25834410947515596 Ni 0.25316831303238807 Cr 0.24115570933505528 Co 0.24733186815740069 V 
Atom 12 weights: 0.17515322254542162 Ni 0.266213411287089 Cr 0.2475001869910745 Co 0.311133179176415 V 
Atom 13 weights: 0.19739043481190746 Ni 0.2762307429726844 Cr 0.17213956298208127 Co 0.35423925923332683 V 
Atom 14 weights: 0.14957485764937234 Ni 0.19459605279060294 Cr 0.2346640075395919 Co 0.4211650820204328 V 
Atom 15 weights: 0.20479928654208243 Ni 0.24083692152672548 Cr 0.17210698971441998 Co 0.38225680221677216 V 
Atom 16 weights: 0.2130301151315485 Ni 0.277161649010607 Cr 0.12464305717066933 Co 0.38516517868717515 V 
HEA binding free energy: 1.6806945915114768 eV, Target: 1.6 eV
Entropy: 20.76509258319411

Iteration 12, eta = 0.1
Atom 1 weights: 0.5763831517654502 Ni 0.0 Cr 0.42361684823454976 Co 0.0 V 
Atom 2 weights: 0.3154956414235452 Ni 0.24959714810831266 Cr 0.284314945055566 Co 0.15059226541257603 V 
Atom 3 weights: 0.3690765060478137 Ni 0.2617136581161976 Cr 0.35722941953058895 Co 0.011980416305399795 V 
Atom 4 weights: 0.2822092847558767 Ni 0.2575043064422804 Cr 0.33216995940032246 Co 0.12811644940152045 V 
Atom 5 weights: 0.3013991216712645 Ni 0.29198133374776697 Cr 0.21835106711519534 Co 0.18826847746577324 V 
Atom 6 weights: 0.2508565292034525 Ni 0.25767254550047064 Cr 0.2945302864059078 Co 0.19694063889016916 V 
Atom 7 weights: 0.2930826558935884 Ni 0.28579430727482213 Cr 0.23904866850627424 Co 0.1820743683253153 V 
Atom 8 weights: 0.28149152830355845 Ni 0.23866231377807842 Cr 0.2541129952824019 Co 0.2257331626359612 V 
Atom 9 weights: 0.20845386307430624 Ni 0.18172388707707485 Cr 0.2012387386809471 Co 0.40858351116767166 V 
Atom 10 weights: 0.2349860898721632 Ni 0.26118649218516365 Cr 0.20699123189880617 Co 0.2968361860438671 V 
Atom 11 weights: 0.2586059772851159 Ni 0.2532279063018862 Cr 0.2412916424640226 Co 0.24687447394897533 V 
Atom 12 weights: 0.174366071949154 Ni 0.26627461405133146 Cr 0.2472050412316748 Co 0.3121542727678398 V 
Atom 13 weights: 0.19672005337568746 Ni 0.2763359306352761 Cr 0.17133331245820263 Co 0.35561070353083385 V 
Atom 14 weights: 0.1487966008174061 Ni 0.19421667780531943 Cr 0.2344447947064858 Co 0.4225419266707887 V 
Atom 15 weights: 0.20421108623744727 Ni 0.240720108218331 Cr 0.17133074022527617 Co 0.38373806531894544 V 
Atom 16 weights: 0.2126099824661725 Ni 0.27730568471070993 Cr 0.1236705682698227 Co 0.38641376455329485 V 
HEA binding free energy: 1.6415854612343626 eV, Target: 1.6 eV
Entropy: 20.759519944789623

Iteration 13, eta = 0.1
Atom 1 weights: 0.5771791639920155 Ni 1.4074041742685538e-16 Cr 0.42247292427219163 Co 0.0003479117357927655 V 
Atom 2 weights: 0.31514874792552117 Ni 0.2493835092886202 Cr 0.28366556104575547 Co 0.15180218174010324 V 
Atom 3 weights: 0.36884663404141216 Ni 0.26156771508411086 Cr 0.35698129863736594 Co 0.012604352237111115 V 
Atom 4 weights: 0.28075708187364795 Ni 0.2572831314141285 Cr 0.33149328036771564 Co 0.1304665063445079 V 
Atom 5 weights: 0.30320614717538036 Ni 0.2927215705264356 Cr 0.21901881499968442 Co 0.18505346729849959 V 
Atom 6 weights: 0.2519847172024492 Ni 0.2579451206700094 Cr 0.2961226789160584 Co 0.19394748321148303 V 
Atom 7 weights: 0.29479420849444565 Ni 0.2864424461896365 Cr 0.2399843618643718 Co 0.1787789834515461 V 
Atom 8 weights: 0.28294213722906947 Ni 0.23868816254299813 Cr 0.25513619731468395 Co 0.22323350291324837 V 
Atom 9 weights: 0.2080922853586308 Ni 0.18098019708643273 Cr 0.2007950893184369 Co 0.4101324282364995 V 
Atom 10 weights: 0.23650235565264346 Ni 0.26170430576802306 Cr 0.20804084729585867 Co 0.2937524912834749 V 
Atom 11 weights: 0.2593488079016605 Ni 0.25339775317992125 Cr 0.24177208349622598 Co 0.24548135542219227 V 
Atom 12 weights: 0.1729182291026502 Ni 0.2664080472113329 Cr 0.24672133814245675 Co 0.3139523855435602 V 
Atom 13 weights: 0.1954415169248793 Ni 0.27653351729823733 Cr 0.16977627692848815 Co 0.3582486888483952 V 
Atom 14 weights: 0.14739215007818515 Ni 0.19348215854558914 Cr 0.23413236729304712 Co 0.4249933240831786 V 
Atom 15 weights: 0.2028185765139672 Ni 0.2404264317143744 Cr 0.16957713673070735 Co 0.38717785504095115 V 
Atom 16 weights: 0.21233810835653863 Ni 0.27769804491085737 Cr 0.1222616641166905 Co 0.3877021826159135 V 
HEA binding free energy: 1.5475172075900228 eV, Target: 1.6 eV
Entropy: 20.753081523141137

Iteration 14, eta = 0.2
Atom 1 weights: 0.5771791639920155 Ni 1.4074041742685538e-16 Cr 0.42247292427219163 Co 0.0003479117357927655 V 
Atom 2 weights: 0.31514874792552117 Ni 0.2493835092886202 Cr 0.28366556104575547 Co 0.15180218174010324 V 
Atom 3 weights: 0.36884663404141216 Ni 0.26156771508411086 Cr 0.35698129863736594 Co 0.012604352237111115 V 
Atom 4 weights: 0.28075708187364795 Ni 0.2572831314141285 Cr 0.33149328036771564 Co 0.1304665063445079 V 
Atom 5 weights: 0.30320614717538036 Ni 0.2927215705264356 Cr 0.21901881499968442 Co 0.18505346729849959 V 
Atom 6 weights: 0.2519847172024492 Ni 0.2579451206700094 Cr 0.2961226789160584 Co 0.19394748321148303 V 
Atom 7 weights: 0.29479420849444565 Ni 0.2864424461896365 Cr 0.2399843618643718 Co 0.1787789834515461 V 
Atom 8 weights: 0.28294213722906947 Ni 0.23868816254299813 Cr 0.25513619731468395 Co 0.22323350291324837 V 
Atom 9 weights: 0.2080922853586308 Ni 0.18098019708643273 Cr 0.2007950893184369 Co 0.4101324282364995 V 
Atom 10 weights: 0.23650235565264346 Ni 0.26170430576802306 Cr 0.20804084729585867 Co 0.2937524912834749 V 
Atom 11 weights: 0.2593488079016605 Ni 0.25339775317992125 Cr 0.24177208349622598 Co 0.24548135542219227 V 
Atom 12 weights: 0.1729182291026502 Ni 0.2664080472113329 Cr 0.24672133814245675 Co 0.3139523855435602 V 
Atom 13 weights: 0.1954415169248793 Ni 0.27653351729823733 Cr 0.16977627692848815 Co 0.3582486888483952 V 
Atom 14 weights: 0.14739215007818515 Ni 0.19348215854558914 Cr 0.23413236729304712 Co 0.4249933240831786 V 
Atom 15 weights: 0.2028185765139672 Ni 0.2404264317143744 Cr 0.16957713673070735 Co 0.38717785504095115 V 
Atom 16 weights: 0.21233810835653863 Ni 0.27769804491085737 Cr 0.1222616641166905 Co 0.3877021826159135 V 
HEA binding free energy: 1.6528541819909535 eV, Target: 1.6 eV
Entropy: 20.753081523141137

Iteration 15, eta = 0.2
Atom 1 weights: 0.5787871526179252 Ni 7.858601111491825e-17 Cr 0.4210871940312535 Co 0.00012565335082123606 V 
Atom 2 weights: 0.31588263721049076 Ni 0.24923397730023195 Cr 0.2835404085266945 Co 0.15134297696258295 V 
Atom 3 weights: 0.37210981405048427 Ni 0.2619060060944459 Cr 0.35993364381979737 Co 0.006050536035272483 V 
Atom 4 weights: 0.2807980701015778 Ni 0.2574011656547092 Cr 0.3332484178715183 Co 0.1285523463721947 V 
Atom 5 weights: 0.30465786915640325 Ni 0.2940991610648859 Cr 0.21782085102083934 Co 0.18342211875787165 V 
Atom 6 weights: 0.25173161850761017 Ni 0.2581706631175929 Cr 0.29731714224677014 Co 0.19278057612802668 V 
Atom 7 weights: 0.2959648761111447 Ni 0.28759037056942516 Cr 0.23943528812706205 Co 0.17700946519236815 V 
Atom 8 weights: 0.2837014166994718 Ni 0.23831573793105407 Cr 0.25504590554536755 Co 0.22293693982410656 V 
Atom 9 weights: 0.2071585835748947 Ni 0.17885947354999918 Cr 0.19960812837165198 Co 0.4143738145034541 V 
Atom 10 weights: 0.23646333799554142 Ni 0.2621912444251938 Cr 0.20707683232407875 Co 0.29426858525518607 V 
Atom 11 weights: 0.2604354602311409 Ni 0.2536901184923023 Cr 0.24225309632330103 Co 0.2436213249532559 V 
Atom 12 weights: 0.1707735825702786 Ni 0.267014872814744 Cr 0.24692067012136848 Co 0.31529087449360893 V 
Atom 13 weights: 0.19384557349841558 Ni 0.2774211557824291 Cr 0.16735180064373192 Co 0.36138147007542326 V 
Atom 14 weights: 0.14541333439533757 Ni 0.1918972836720337 Cr 0.23482882845371084 Co 0.4278605534789179 V 
Atom 15 weights: 0.20137481281760333 Ni 0.24013070156244465 Cr 0.16706520738279215 Co 0.39142927823715995 V 
Atom 16 weights: 0.21247064022251816 Ni 0.27884475950098875 Cr 0.11941185392259854 Co 0.3892727463538945 V 
HEA binding free energy: 1.6725518888713924 eV, Target: 1.6 eV
Entropy: 20.705528202295152

Iteration 16, eta = 0.2
Atom 1 weights: 0.583272543086556 Ni 5.551115123125783e-17 Cr 0.409852363273411 Co 0.006875093640033051 V 
Atom 2 weights: 0.32062622627524934 Ni 0.24846510433139385 Cr 0.2831457594886979 Co 0.1477629099046589 V 
Atom 3 weights: 0.3803903775631146 Ni 0.2532065026910076 Cr 0.36640311974587786 Co 0.0 V 
Atom 4 weights: 0.28087621688359526 Ni 0.25811604252203546 Cr 0.34361660955882906 Co 0.11739113103554016 V 
Atom 5 weights: 0.3139995317918002 Ni 0.3023588758964263 Cr 0.21120460907115504 Co 0.17243698324061849 V 
Atom 6 weights: 0.2508635216880615 Ni 0.25949905173103716 Cr 0.3050120547561131 Co 0.18462537182478841 V 
Atom 7 weights: 0.30349057323048373 Ni 0.2944161097543707 Cr 0.2365684273355812 Co 0.16552488967956427 V 
Atom 8 weights: 0.28880474502202 Ni 0.236076075569051 Cr 0.25497808301266023 Co 0.22014109639626878 V 
Atom 9 weights: 0.20053654414727917 Ni 0.16590030846759862 Cr 0.19151316245092356 Co 0.4420499849341988 V 
Atom 10 weights: 0.23748749760227342 Ni 0.2652908345444577 Cr 0.20244807743535528 Co 0.2947735904179138 V 
Atom 11 weights: 0.2667115803907707 Ni 0.25528169262574313 Cr 0.24488512281498784 Co 0.23312160416849836 V 
Atom 12 weights: 0.1583403463247119 Ni 0.2706003964584352 Cr 0.24844015182374832 Co 0.32261910539310457 V 
Atom 13 weights: 0.18633264358747667 Ni 0.2831557244543839 Cr 0.1547305227468881 Co 0.3757811092112512 V 
Atom 14 weights: 0.1315505488882005 Ni 0.18204141854517394 Cr 0.23713499111643366 Co 0.449273041450192 V 
Atom 15 weights: 0.194975079235917 Ni 0.23885707003396112 Cr 0.1541242611273318 Co 0.4120435896027902 V 
Atom 16 weights: 0.2112890353447543 Ni 0.28526568987824896 Cr 0.10051631209629279 Co 0.402928962680704 V 
HEA binding free energy: 1.658991127494558 eV, Target: 1.6 eV
Entropy: 20.56095801993082

Iteration 17, eta = 0.2
Atom 1 weights: 0.6206116794481161 Ni 0.000968407274784747 Cr 0.33193350112823133 Co 0.04648641214886795 V 
Atom 2 weights: 0.3947108366646042 Ni 0.24932415372187258 Cr 0.3168667461817782 Co 0.03909826343174491 V 
Atom 3 weights: 0.4348907350722895 Ni 0.15966315352828897 Cr 0.4054461113994216 Co 0.0 V 
Atom 4 weights: 0.30380667159095387 Ni 0.25781008931458027 Cr 0.43838323909446575 Co 2.7755575615628914e-17 V 
Atom 5 weights: 0.3908073295562271 Ni 0.3639406351197535 Cr 0.17189096752228664 Co 0.07336106780173264 V 
Atom 6 weights: 0.25478232259782785 Ni 0.27103156849584403 Cr 0.3701420456370586 Co 0.10404406326926949 V 
Atom 7 weights: 0.36783204758233634 Ni 0.34575000957181995 Cr 0.2250113862201277 Co 0.06140655662571609 V 
Atom 8 weights: 0.3357819204391357 Ni 0.22169979731919512 Cr 0.2638161951017097 Co 0.17870208713995944 V 
Atom 9 weights: 0.14548252658314867 Ni 0.07104159997788943 Cr 0.12636193953373784 Co 0.6571139339052241 V 
Atom 10 weights: 0.23473344054201004 Ni 0.28572692798989113 Cr 0.15952934669890073 Co 0.3200102847691982 V 
Atom 11 weights: 0.3055487255776964 Ni 0.2655637314231327 Cr 0.2578364350133121 Co 0.17105110798585887 V 
Atom 12 weights: 0.060535379201177575 Ni 0.29509193313255844 Cr 0.25217669457487013 Co 0.39219599309139397 V 
Atom 13 weights: 0.1054463569407591 Ni 0.3194656654010316 Cr 0.038954416404343745 Co 0.5361335612538656 V 
Atom 14 weights: 0.003426026664872517 Ni 0.1060818681299439 Cr 0.2281251895600799 Co 0.6623669156451037 V 
Atom 15 weights: 0.12185613310053181 Ni 0.22472986411489154 Cr 0.03576373638004107 Co 0.6176502664045356 V 
Atom 16 weights: 0.15571547222207127 Ni 0.3062248489364023 Cr 0.0 Co 0.5380596788415264 V 
HEA binding free energy: 1.6145020236619525 eV, Target: 1.6 eV
Entropy: 18.14179624005764

Iteration 18, eta = 0.2
Atom 1 weights: 0.6434660995538181 Ni 2.7755575615628914e-17 Cr 0.2990866280058059 Co 0.057447272440376014 V 
Atom 2 weights: 0.4251076797749958 Ni 0.2463577813239429 Cr 0.32853453890106116 Co 1.6653345369377348e-16 V 
Atom 3 weights: 0.4596954853219914 Ni 0.11713472741375636 Cr 0.4231697872642523 Co 0.0 V 
Atom 4 weights: 0.2959335248187087 Ni 0.24011149578874294 Cr 0.46395497939254843 Co 0.0 V 
Atom 5 weights: 0.42630806415554306 Ni 0.3923629525742193 Cr 0.15340777471933442 Co 0.02792120855090318 V 
Atom 6 weights: 0.2564082474624678 Ni 0.27625442938686695 Cr 0.40017430529204573 Co 0.0671630178586195 V 
Atom 7 weights: 0.39724797518367455 Ni 0.36939081053665324 Cr 0.2191615663458553 Co 0.014199647933816846 V 
Atom 8 weights: 0.3575847943654925 Ni 0.2149109401079013 Cr 0.2678589349418563 Co 0.15964533058474994 V 
Atom 9 weights: 0.11922212063867363 Ni 0.02681853463108974 Cr 0.09544253008303702 Co 0.7585168146471997 V 
Atom 10 weights: 0.23412865907656485 Ni 0.29526656227210657 Cr 0.1401845246336882 Co 0.33042025401764047 V 
Atom 11 weights: 0.32274461146997374 Ni 0.27008616860670864 Cr 0.26303436828932014 Co 0.1441348516339975 V 
Atom 12 weights: 0.015416906729315762 Ni 0.30647314489901967 Cr 0.25417891271918314 Co 0.4239310356524815 V 
Atom 13 weights: 0.06636939154018788 Ni 0.33273076495623866 Cr 2.7755575615628914e-17 Co 0.6008998435035735 V 
Atom 14 weights: 5.551115123125783e-17 Ni 0.051764462506549196 Cr 0.2044418944172677 Co 0.7437936430761831 V 
Atom 15 weights: 0.08525166381367298 Ni 0.2132238940634176 Cr 0.0 Co 0.7015244421229094 V 
Atom 16 weights: 0.11335334093892009 Ni 0.30003310509009784 Cr 0.0 Co 0.586613553970982 V 
HEA binding free energy: 1.777393322456175 eV, Target: 1.6 eV
Entropy: 16.629648424336303

Iteration 19, eta = 0.2
Atom 1 weights: 0.6428620480737475 Ni 2.4735545776552515e-17 Cr 0.3005324543116595 Co 0.05660549761459308 V 
Atom 2 weights: 0.42476208205269567 Ni 0.2464625919246581 Cr 0.32877532602264603 Co 2.1183390127991944e-16 V 
Atom 3 weights: 0.45841633738446913 Ni 0.11895859030343725 Cr 0.42219806022812406 Co 0.0004270120839696322 V 
Atom 4 weights: 0.2962808028714117 Ni 0.2405866246734731 Cr 0.4631325724551153 Co 6.040059678152795e-18 V 
Atom 5 weights: 0.42376668447794125 Ni 0.39107368723487984 Cr 0.1528171718708527 Co 0.032342456416326236 V 
Atom 6 weights: 0.25485039300770324 Ni 0.27576533959175514 Cr 0.39773535771063867 Co 0.07164890968990292 V 
Atom 7 weights: 0.39443577969344 Ni 0.3681710419226847 Cr 0.21768778732132152 Co 0.019705391062553843 V 
Atom 8 weights: 0.35575653431979726 Ni 0.21493915777663836 Cr 0.266712277777138 Co 0.16259203012642642 V 
Atom 9 weights: 0.12024076890997193 Ni 0.028373780620212743 Cr 0.09661810251192629 Co 0.7547673479578889 V 
Atom 10 weights: 0.23299315393688405 Ni 0.2946070124475658 Cr 0.13974593922867118 Co 0.33265389438687903 V 
Atom 11 weights: 0.3229048381650815 Ni 0.270090424321214 Cr 0.26356322219300005 Co 0.14344151532070448 V 
Atom 12 weights: 0.01805949794727696 Ni 0.30639908166347174 Cr 0.255143745097299 Co 0.4203976752919525 V 
Atom 13 weights: 0.06848783106972889 Ni 0.3325229545791422 Cr 0.0017314180510882014 Co 0.5972577963000405 V 
Atom 14 weights: 4.947109155310503e-17 Ni 0.05414181386248713 Cr 0.206476046232111 Co 0.7393821399054019 V 
Atom 15 weights: 0.08737455431999515 Ni 0.21389966377797934 Cr 0.0015979804055420424 Co 0.6971278014964835 V 
Atom 16 weights: 0.1157291085563784 Ni 0.3006592566812909 Cr 2.7755575615628914e-17 Co 0.5836116347623307 V 
HEA binding free energy: 1.6054351956351516 eV, Target: 1.6 eV
Entropy: 16.734747892201593

Iteration 20, eta = 0.2
Atom 1 weights: 0.6604264878044345 Ni 0.0 Cr 0.2840813537833981 Co 0.055492158412167446 V 
Atom 2 weights: 0.4387793988281927 Ni 0.23081837864800192 Cr 0.33040222252380536 Co 0.0 V 
Atom 3 weights: 0.4718189594054896 Ni 0.0965127438613555 Cr 0.4316682967331545 Co 4.440892098500626e-16 V 
Atom 4 weights: 0.2928306664689072 Ni 0.22712855686905342 Cr 0.48004077666203926 Co 2.7755575615628914e-17 V 
Atom 5 weights: 0.43357003539484884 Ni 0.40577373475252954 Cr 0.13002355908575056 Co 0.03063267076687106 V 
Atom 6 weights: 0.24206027597751914 Ni 0.27614136806971584 Cr 0.4034242375658589 Co 0.07837411838690612 V 
Atom 7 weights: 0.39596437441950166 Ni 0.3790248728934765 Cr 0.1985191680892221 Co 0.02649158459779975 V 
Atom 8 weights: 0.35951176611592195 Ni 0.2088582138778514 Cr 0.26009186750277447 Co 0.17153815250345228 V 
Atom 9 weights: 0.10457980743681826 Ni 0.0012087429440742238 Cr 0.07806803940930886 Co 0.8161434102097987 V 
Atom 10 weights: 0.22032959707630678 Ni 0.2970643701196213 Cr 0.11604479845459076 Co 0.36656123434948124 V 
Atom 11 weights: 0.340118304636555 Ni 0.27430288928622326 Cr 0.27296653150052264 Co 0.11261227457669905 V 
Atom 12 weights: 0.00021993604006674203 Ni 0.3164616936142755 Cr 0.26599399268250523 Co 0.41732437766315256 V 
Atom 13 weights: 0.04329298909250564 Ni 0.33603291322647444 Cr 5.551115123125783e-17 Co 0.6206740976810199 V 
Atom 14 weights: 0.0018089481421687584 Ni 0.02287161281103639 Cr 0.19979282568116188 Co 0.7755266133656329 V 
Atom 15 weights: 0.06507286157629864 Ni 0.20291622907035342 Cr 0.0 Co 0.7320109093533479 V 
Atom 16 weights: 0.09612971818155464 Ni 0.299942020389065 Cr 5.551115123125783e-17 Co 0.6039282614293804 V 
HEA binding free energy: 1.6212502924784686 eV, Target: 1.6 eV
Entropy: 16.074680768430333

Iteration 21, eta = 0.2
Atom 1 weights: 0.7000526279518369 Ni 0.0 Cr 0.2505851120367113 Co 0.049362260011451935 V 
Atom 2 weights: 0.4702845190283163 Ni 0.19504443226414744 Cr 0.33467104870753633 Co 0.0 V 
Atom 3 weights: 0.4983448158140901 Ni 0.04297618853552549 Cr 0.4494797334740884 Co 0.009199262176295995 V 
Atom 4 weights: 0.28659934533973364 Ni 0.19552697772747352 Cr 0.5178736769327928 Co 0.0 V 
Atom 5 weights: 0.45671528015044294 Ni 0.4382008714324617 Cr 0.08197320305359913 Co 0.023110645363496114 V 
Atom 6 weights: 0.21551621657488737 Ni 0.27718760338365445 Cr 0.41705692407870243 Co 0.09023925596275573 V 
Atom 7 weights: 0.4012573215954634 Ni 0.40307579054962495 Cr 0.15853820426489237 Co 0.03712868359001935 V 
Atom 8 weights: 0.36893880914025773 Ni 0.19577768410603208 Cr 0.24680130163258812 Co 0.18848220512112207 V 
Atom 9 weights: 0.0520051092469435 Ni 5.551115123125783e-17 Cr 0.019162086463282713 Co 0.9288328042897738 V 
Atom 10 weights: 0.19297483445885322 Ni 0.3025319408938043 Cr 0.0646309587061448 Co 0.4398622659411977 V 
Atom 11 weights: 0.3748239029007534 Ni 0.2829957255010495 Cr 0.29085881741214975 Co 0.05132155418604735 V 
Atom 12 weights: 0.0 Ni 0.3246086126548276 Cr 0.27478144549641614 Co 0.40060994184875637 V 
Atom 13 weights: 5.551115123125783e-17 Ni 0.3329735477648811 Cr 5.551115123125783e-17 Co 0.6670264522351188 V 
Atom 14 weights: 0.0 Ni 0.0 Cr 0.15993841486298993 Co 0.84006158513701 V 
Atom 15 weights: 0.01228113000021619 Ni 0.17655701296012244 Cr 0.0 Co 0.8111618570396615 V 
Atom 16 weights: 0.048778135854758035 Ni 0.2964385254820749 Cr 5.551115123125783e-17 Co 0.654783338663167 V 
HEA binding free energy: 1.6451579651271777 eV, Target: 1.6 eV
Entropy: 14.69120841043077

Iteration 22, eta = 0.2
Atom 1 weights: 0.7449309169122889 Ni 2.7755575615628914e-17 Cr 0.21974580412129008 Co 0.03532327896642095 V 
Atom 2 weights: 0.5036610339164572 Ni 0.1567448368813852 Cr 0.3395941292021576 Co 0.0 V 
Atom 3 weights: 0.5187446375680624 Ni 0.0 Cr 0.46074265787355323 Co 0.02051270455838444 V 
Atom 4 weights: 0.28098781772396975 Ni 0.1611683451249916 Cr 0.5578438371510386 Co 5.551115123125783e-17 V 
Atom 5 weights: 0.48317742960441845 Ni 0.4725597919863569 Cr 0.03432333085787662 Co 0.009939447551348114 V 
Atom 6 weights: 0.19097292161011956 Ni 0.2789669495707425 Cr 0.43407288845922043 Co 0.09598724035991758 V 
Atom 7 weights: 0.4096271421813712 Ni 0.42881935671089333 Cr 0.119697134589973 Co 0.041856366517762554 V 
Atom 8 weights: 0.38143996625220167 Ni 0.18273117687415405 Cr 0.23554360787927955 Co 0.20028524899436478 V 
Atom 9 weights: 5.551115123125783e-17 Ni 5.551115123125783e-17 Cr 5.551115123125783e-17 Co 0.9999999999999999 V 
Atom 10 weights: 0.16510237521934176 Ni 0.30827498338191284 Cr 0.011701101465760526 Co 0.5149215399329848 V 
Atom 11 weights: 0.4063985998235909 Ni 0.2885137324609485 Cr 0.3050876677154606 Co 0.0 V 
Atom 12 weights: 0.0 Ni 0.33376180866179933 Cr 0.2852271832079838 Co 0.3810110081302169 V 
Atom 13 weights: 0.0 Ni 0.30211123731843265 Cr 0.0 Co 0.6978887626815674 V 
Atom 14 weights: 2.7755575615628914e-17 Ni 2.7755575615628914e-17 Cr 0.09965638504184089 Co 0.9003436149581591 V 
Atom 15 weights: 5.551115123125783e-17 Ni 0.12254345198472827 Cr 5.551115123125783e-17 Co 0.8774565480152716 V 
Atom 16 weights: 0.0 Ni 0.28876465059965856 Cr 0.0 Co 0.7112353494003415 V 
