   Eewald =     4593.5585208316051649
       EH =     6295.8988532994753768
     Eloc =   -12959.5638773682076135
      Enl =     -464.5812852990172814
   Epulay =       -0.0004828466650297
      Exc =     -236.6499137544110454
       KE =      874.9679029505988410
        U =        1.2557125969563665
-------------------------------------
     Etot =    -1895.1145695896645975
       TS =        0.0011769192770088
-------------------------------------
        F =    -1895.1157465089415837
