   Eewald =     6582.6697442146487447
       EH =     8791.3158839466941572
     Eloc =   -17904.2472711040063587
      Enl =     -752.5534441638118324
   Epulay =        0.0001960516836434
      Exc =     -281.1210029703942155
       KE =     1123.9381422658443626
-------------------------------------
     Etot =    -2439.9977517593415541
       TS =        0.0069851422413871
-------------------------------------
        F =    -2440.0047369015828735
