Initilizing minimization for species Ni Cr Co V 

Target: 1.6 eV
Performing first surface calculations...
Surface calculations successfully finished.
Initial entropy parameter eta set to 0.05
_____________________________________________________________________
Beginning minimzation


Iteration 1, eta = 0.05
Atom 1 weights: 0.2817772298365025 Ni 0.2811107102078726 Cr 0.226443888490347 Co 0.21066817146527794 V 
Atom 2 weights: 0.24068405359051875 Ni 0.23244030077755523 Cr 0.2690891821022928 Co 0.2577864635296332 V 
Atom 3 weights: 0.261629171690545 Ni 0.23278153517854705 Cr 0.2567954398928734 Co 0.2487938532380345 V 
Atom 4 weights: 0.2340054115559247 Ni 0.2871872989338816 Cr 0.2510339042014231 Co 0.22777338530877062 V 
Atom 5 weights: 0.23161584470006177 Ni 0.26013098360092374 Cr 0.2349289813297901 Co 0.27332419036922434 V 
Atom 6 weights: 0.2603592780104436 Ni 0.25647493049499404 Cr 0.2334973075552033 Co 0.249668483939359 V 
Atom 7 weights: 0.2361113131238239 Ni 0.2724016264194205 Cr 0.21895311382680627 Co 0.2725339466299494 V 
Atom 8 weights: 0.2730477141981274 Ni 0.2651698447274918 Cr 0.2095878574830724 Co 0.2521945835913086 V 
Atom 9 weights: 0.2788098546405017 Ni 0.22384684447946065 Cr 0.2577945643486907 Co 0.23954873653134698 V 
Atom 10 weights: 0.26170238021829406 Ni 0.22571066719235441 Cr 0.22560976175295633 Co 0.28697719083639517 V 
Atom 11 weights: 0.21351276275105835 Ni 0.2892421411130042 Cr 0.23309399436572492 Co 0.26415110177021245 V 
Atom 12 weights: 0.22741284607152126 Ni 0.2210639618385744 Cr 0.2837154181885903 Co 0.267807773901314 V 
Atom 13 weights: 0.2422124289359338 Ni 0.2280910604568661 Cr 0.23906618429007345 Co 0.2906303263171266 V 
Atom 14 weights: 0.2314436374315525 Ni 0.2201637322215683 Cr 0.28005962576617244 Co 0.26833300458070686 V 
Atom 15 weights: 0.2439049700244533 Ni 0.2385539805840073 Cr 0.2367353333717272 Co 0.2808057160198122 V 
Atom 16 weights: 0.23133727464070344 Ni 0.27793429377570467 Cr 0.22091703710223334 Co 0.26981139448135844 V 
HEA binding free energy: 0.5900723602631162 eV, Target: 1.6 eV
Entropy: 22.11540960525621

Iteration 2, eta = 0.05
Atom 1 weights: 0.2914474144467713 Ni 0.2748921894957058 Cr 0.2321361496999209 Co 0.20152424635760186 V 
Atom 2 weights: 0.241049817957566 Ni 0.2323731250146449 Cr 0.26938967515411444 Co 0.25718738187367474 V 
Atom 3 weights: 0.2615987908787884 Ni 0.23262835047581298 Cr 0.25670188965995283 Co 0.2490709689854459 V 
Atom 4 weights: 0.23357164596681626 Ni 0.2871371129267043 Cr 0.2506470101772307 Co 0.22864423092924877 V 
Atom 5 weights: 0.23078497599159867 Ni 0.25998588050824767 Cr 0.2341659435113492 Co 0.27506319998880446 V 
Atom 6 weights: 0.2591382099666468 Ni 0.2563123001212255 Cr 0.23237699400866782 Co 0.2521724959034598 V 
Atom 7 weights: 0.2347792546692124 Ni 0.27225463352699186 Cr 0.21774652985104778 Co 0.2752195819527479 V 
Atom 8 weights: 0.2722486913849719 Ni 0.26502473870999577 Cr 0.20880533800952378 Co 0.25392123189550864 V 
Atom 9 weights: 0.2772142747897352 Ni 0.22355147271360898 Cr 0.2563041293655226 Co 0.24293012313113316 V 
Atom 10 weights: 0.26147471238881786 Ni 0.22565124089556676 Cr 0.22537849060132947 Co 0.28749555611428596 V 
Atom 11 weights: 0.21312174943162168 Ni 0.28920322182996794 Cr 0.2327513661030812 Co 0.2649236626353292 V 
Atom 12 weights: 0.22652962141641542 Ni 0.22095659102268686 Cr 0.28296915617676155 Co 0.2695446313841362 V 
Atom 13 weights: 0.24444613595141554 Ni 0.22850073762047504 Cr 0.24113507470294288 Co 0.2859180517251665 V 
Atom 14 weights: 0.232291641290603 Ni 0.22030912451036092 Cr 0.2808862023277808 Co 0.2665130318712552 V 
Atom 15 weights: 0.2454958016201964 Ni 0.23886497869073947 Cr 0.23821060349311174 Co 0.2774286161959525 V 
Atom 16 weights: 0.23345491020760833 Ni 0.27839669296550684 Cr 0.22287365497597672 Co 0.265274741850908 V 
HEA binding free energy: 0.6280376868127864 eV, Target: 1.6 eV
Entropy: 22.11472405281907

Iteration 3, eta = 0.05
Atom 1 weights: 0.507234665424125 Ni 0.13323692161456815 Cr 0.35952841296130683 Co 0.0 V 
Atom 2 weights: 0.25888127009304845 Ni 0.23253264655788014 Cr 0.2850299836905813 Co 0.22355609965849016 V 
Atom 3 weights: 0.27029466955825376 Ni 0.2308300392311581 Cr 0.2632822544000995 Co 0.23559303681048868 V 
Atom 4 weights: 0.23173510620237076 Ni 0.2874689415944502 Cr 0.24925960114403894 Co 0.23153635105914014 V 
Atom 5 weights: 0.21327516774074126 Ni 0.2569844497226302 Cr 0.21809096343279372 Co 0.31164941910383487 V 
Atom 6 weights: 0.23571403277598826 Ni 0.2534507640565433 Cr 0.21093899380695783 Co 0.29989620936051065 V 
Atom 7 weights: 0.20687300423576546 Ni 0.26937431107156157 Cr 0.19250922647066382 Co 0.3312434582220091 V 
Atom 8 weights: 0.2566739292731435 Ni 0.2622538444952415 Cr 0.19344386758369536 Co 0.28762835864791964 V 
Atom 9 weights: 0.24149449352768992 Ni 0.21701837703772747 Cr 0.22296752478569384 Co 0.31851960464888884 V 
Atom 10 weights: 0.25323775563081524 Ni 0.22381790571068397 Cr 0.21730873185208613 Co 0.30563560680641466 V 
Atom 11 weights: 0.20066889220745182 Ni 0.28764809115720874 Cr 0.22165964804683183 Co 0.2900233685885077 V 
Atom 12 weights: 0.20622735388156832 Ni 0.21850417417383047 Cr 0.26577663207435676 Co 0.3094918398702444 V 
Atom 13 weights: 0.28432657848871756 Ni 0.23589343630527154 Cr 0.2781019240977682 Co 0.20167806110824277 V 
Atom 14 weights: 0.243626117877525 Ni 0.2222493658970781 Cr 0.2923159204234086 Co 0.2418085958019883 V 
Atom 15 weights: 0.27303899471880494 Ni 0.2443845999027684 Cr 0.2637841468332006 Co 0.2187922585452262 V 
Atom 16 weights: 0.27160205983656716 Ni 0.2869465710439988 Cr 0.25812521489069784 Co 0.18332615422873624 V 
HEA binding free energy: 1.350388688299541 eV, Target: 1.6 eV
Entropy: 21.630535318321378

Iteration 4, eta = 0.05
Atom 1 weights: 0.510666630998804 Ni 0.12843157639366862 Cr 0.36090179260752747 Co 0.0 V 
Atom 2 weights: 0.2595468850730203 Ni 0.23255779365581886 Cr 0.28563451128594664 Co 0.2222608099852143 V 
Atom 3 weights: 0.27061919041312577 Ni 0.23078876103219745 Cr 0.2635414498101905 Co 0.2350505987444864 V 
Atom 4 weights: 0.23096158222131782 Ni 0.2872385716859632 Cr 0.24852207495853096 Co 0.23327777113418807 V 
Atom 5 weights: 0.2121557878534622 Ni 0.25677362733123704 Cr 0.2170467959789375 Co 0.3140237888363631 V 
Atom 6 weights: 0.23539201033068935 Ni 0.25343278015016696 Cr 0.2106327960494926 Co 0.30054241346965116 V 
Atom 7 weights: 0.20602491103660137 Ni 0.26927569017024566 Cr 0.19171911335388828 Co 0.3329802854392647 V 
Atom 8 weights: 0.25587887569862405 Ni 0.26210836476704663 Cr 0.19264567196032656 Co 0.2893670875740027 V 
Atom 9 weights: 0.2419873983585936 Ni 0.2171115767924029 Cr 0.22341641105435636 Co 0.3174846137946472 V 
Atom 10 weights: 0.2530248250809445 Ni 0.2237713508735489 Cr 0.2170829027517966 Co 0.30612092129371005 V 
Atom 11 weights: 0.2003276261628085 Ni 0.287636912704361 Cr 0.22136059811990458 Co 0.2906748630129259 V 
Atom 12 weights: 0.20710396116238514 Ni 0.2186661271642727 Cr 0.2666481082720387 Co 0.3075818034013034 V 
Atom 13 weights: 0.2842929941688487 Ni 0.23582889484734948 Cr 0.2780559701950277 Co 0.20182214078877422 V 
Atom 14 weights: 0.24443736793539855 Ni 0.2223550936152989 Cr 0.2931090598619766 Co 0.24009847858732586 V 
Atom 15 weights: 0.27385807470023876 Ni 0.2445063461138936 Cr 0.26453262749918754 Co 0.21710295168668006 V 
Atom 16 weights: 0.2717759869336275 Ni 0.28695818795920236 Cr 0.25826224267680065 Co 0.18300358243036943 V 
HEA binding free energy: 1.4251767424468342 eV, Target: 1.6 eV
Entropy: 21.621866409522713

Iteration 5, eta = 0.05
Atom 1 weights: 0.5201565504162224 Ni 0.11476563809329579 Cr 0.3650778114904817 Co 1.1102230246251565e-16 V 
Atom 2 weights: 0.26065379459630744 Ni 0.23253423764085943 Cr 0.2866449854025861 Co 0.220166982360247 V 
Atom 3 weights: 0.2711909416947549 Ni 0.23065249556499132 Cr 0.2639734055941073 Co 0.23418315714614654 V 
Atom 4 weights: 0.23029899041756535 Ni 0.2871104202720002 Cr 0.24791727460032406 Co 0.23467331471011044 V 
Atom 5 weights: 0.21003099345586354 Ni 0.2564017810981567 Cr 0.21507547266845906 Co 0.31849175277752073 V 
Atom 6 weights: 0.23448423827829903 Ni 0.2533566323654372 Cr 0.20976225685745997 Co 0.3023968724988038 V 
Atom 7 weights: 0.20371862216105868 Ni 0.26900859843087505 Cr 0.1895771891337803 Co 0.3376955902742859 V 
Atom 8 weights: 0.2546323524068645 Ni 0.2618969433848145 Cr 0.1913313514192707 Co 0.2921393527890504 V 
Atom 9 weights: 0.24159431904073175 Ni 0.2170306093283813 Cr 0.22302930477116487 Co 0.31834576685972205 V 
Atom 10 weights: 0.2525613777414787 Ni 0.22362131723483955 Cr 0.21656711433896825 Co 0.3072501906847136 V 
Atom 11 weights: 0.19942377804719413 Ni 0.28757509957923816 Cr 0.22056578151653267 Co 0.29243534085703515 V 
Atom 12 weights: 0.20784710275741378 Ni 0.21881071398688381 Cr 0.26751067652901295 Co 0.3058315067266893 V 
Atom 13 weights: 0.2847473305079919 Ni 0.23586452448158504 Cr 0.2784728023246969 Co 0.20091534268572622 V 
Atom 14 weights: 0.24539822038342138 Ni 0.22246028335223905 Cr 0.2941215422318961 Co 0.23801995403244355 V 
Atom 15 weights: 0.2752107131441302 Ni 0.24473501883470877 Cr 0.26577151680404265 Co 0.21428275121711846 V 
Atom 16 weights: 0.2725292158541046 Ni 0.2871772743754082 Cr 0.2589338129078079 Co 0.1813596968626793 V 
HEA binding free energy: 1.4225775276022867 eV, Target: 1.6 eV
Entropy: 21.595225826116064

Iteration 6, eta = 0.05
Atom 1 weights: 0.5232757376265711 Ni 0.11032264250488666 Cr 0.3664016198685422 Co 0.0 V 
Atom 2 weights: 0.2599944480612183 Ni 0.232319617852936 Cr 0.2860418792795344 Co 0.22164405480631127 V 
Atom 3 weights: 0.2702763397172113 Ni 0.23038722829523992 Cr 0.2630901101548729 Co 0.236246321832676 V 
Atom 4 weights: 0.23014021432215573 Ni 0.2870130506192918 Cr 0.24774934033115717 Co 0.2350973947273953 V 
Atom 5 weights: 0.209753461257704 Ni 0.25634459856094066 Cr 0.21481068877111373 Co 0.3190912514102417 V 
Atom 6 weights: 0.23490429207240696 Ni 0.25346107018852065 Cr 0.21012192030542634 Co 0.30151271743364594 V 
Atom 7 weights: 0.20329036011960885 Ni 0.2689717532170157 Cr 0.18915949694659986 Co 0.33857838971677556 V 
Atom 8 weights: 0.2546742267739695 Ni 0.26190352422636026 Cr 0.19127593894927683 Co 0.29214631005039327 V 
Atom 9 weights: 0.24219454064279322 Ni 0.21714318748763328 Cr 0.22357626055440222 Co 0.3170860113151712 V 
Atom 10 weights: 0.25309502544400936 Ni 0.2236923188979055 Cr 0.21701371677303485 Co 0.3061989388850503 V 
Atom 11 weights: 0.19941291669449415 Ni 0.28762503109697496 Cr 0.22057287842193865 Co 0.2923891737865923 V 
Atom 12 weights: 0.20941987033054865 Ni 0.21912751580169948 Cr 0.2690696068519296 Co 0.3023830070158223 V 
Atom 13 weights: 0.28451033843015267 Ni 0.23578312502328094 Cr 0.27824574568612837 Co 0.20146079086043794 V 
Atom 14 weights: 0.24487851915055447 Ni 0.2223206004683575 Cr 0.2937043074757001 Co 0.23909657290538786 V 
Atom 15 weights: 0.2748275439153032 Ni 0.24464820839175494 Cr 0.26540603438243865 Co 0.21511821331050326 V 
Atom 16 weights: 0.2722182765812965 Ni 0.2871444270171538 Cr 0.258625457517849 Co 0.1820118388837006 V 
HEA binding free energy: 1.4589187479735175 eV, Target: 1.6 eV
Entropy: 21.591207766693593

Iteration 7, eta = 0.05
Atom 1 weights: 0.5270199791290322 Ni 0.10038228857849504 Cr 0.3669876218447538 Co 0.005610110447718901 V 
Atom 2 weights: 0.260090723023827 Ni 0.23215271900534845 Cr 0.28614881546886706 Co 0.22160774250195758 V 
Atom 3 weights: 0.2702081751566703 Ni 0.2301813244025328 Cr 0.26295490007766 Co 0.23665560036313696 V 
Atom 4 weights: 0.2297909070871482 Ni 0.2869620619169776 Cr 0.24743526198176954 Co 0.2358117690141047 V 
Atom 5 weights: 0.20891325579339273 Ni 0.2562130606107635 Cr 0.21402682193597256 Co 0.32084686165987125 V 
Atom 6 weights: 0.2351544827181801 Ni 0.2535576281541844 Cr 0.2102949750557185 Co 0.30099291407191703 V 
Atom 7 weights: 0.20234109487991314 Ni 0.2689149655422435 Cr 0.18824501502362123 Co 0.34049892455422215 V 
Atom 8 weights: 0.2546082947784637 Ni 0.2619106664661981 Cr 0.19103252406019744 Co 0.29244851469514066 V 
Atom 9 weights: 0.24260337481706482 Ni 0.2172020842317882 Cr 0.2239311192332088 Co 0.31626342171793825 V 
Atom 10 weights: 0.253236119919983 Ni 0.22364826777626898 Cr 0.21704766134539752 Co 0.30606795095835054 V 
Atom 11 weights: 0.19921867089909767 Ni 0.28772540043675937 Cr 0.2204419226562845 Co 0.2926140060078585 V 
Atom 12 weights: 0.21062096767405242 Ni 0.21932146846400438 Cr 0.27036150210680543 Co 0.29969606175513785 V 
Atom 13 weights: 0.28381175627980426 Ni 0.23560667182132258 Cr 0.2775954448797792 Co 0.2029861270190941 V 
Atom 14 weights: 0.24493268784765138 Ni 0.22225208695727475 Cr 0.2938877471688619 Co 0.23892747802621195 V 
Atom 15 weights: 0.2748646005077582 Ni 0.24462534101221808 Cr 0.26542110599476615 Co 0.21508895248525753 V 
Atom 16 weights: 0.2717430273872634 Ni 0.28713999201962737 Cr 0.25815800613614515 Co 0.182958974456964 V 
HEA binding free energy: 1.4610520378698932 eV, Target: 1.6 eV
Entropy: 21.606390511768854

Iteration 8, eta = 0.05
Atom 1 weights: 0.5680262981308846 Ni 1.942890293094024e-15 Cr 0.3749487478550365 Co 0.057024954014076944 V 
Atom 2 weights: 0.2613266530234392 Ni 0.23049668040601373 Cr 0.28746428817885755 Co 0.22071237839168953 V 
Atom 3 weights: 0.2692145825172835 Ni 0.2280067103898719 Cr 0.26129058807759276 Co 0.2414881190152519 V 
Atom 4 weights: 0.22660907032062885 Ni 0.28645088959642184 Cr 0.24456466153378792 Co 0.24237537854916144 V 
Atom 5 weights: 0.19997432713097862 Ni 0.2547798783520032 Cr 0.2056857458206706 Co 0.3395600486963476 V 
Atom 6 weights: 0.23708237214455055 Ni 0.2544356433225279 Cr 0.21149301263766015 Co 0.2969889718952614 V 
Atom 7 weights: 0.19231237512831348 Ni 0.2682679066671799 Cr 0.17860549610058687 Co 0.3608142221039198 V 
Atom 8 weights: 0.25327142231142663 Ni 0.26184251919346535 Cr 0.18794361080035143 Co 0.29694244769475653 V 
Atom 9 weights: 0.2467735787136667 Ni 0.21780905397092762 Cr 0.227549837553042 Co 0.30786752976236376 V 
Atom 10 weights: 0.25475758358975154 Ni 0.22322155637741553 Cr 0.21747675810387815 Co 0.30454410192895487 V 
Atom 11 weights: 0.19706166811513512 Ni 0.2886910690553679 Cr 0.21893544467915996 Co 0.2953118181503371 V 
Atom 12 weights: 0.22266995894170866 Ni 0.22130696073819744 Cr 0.2833503102582272 Co 0.2726727700618668 V 
Atom 13 weights: 0.2776464378217163 Ni 0.23397266162559585 Cr 0.2718457936693051 Co 0.2165351068833826 V 
Atom 14 weights: 0.24564182396308804 Ni 0.2215784867882918 Cr 0.29589390063327853 Co 0.23688578861534157 V 
Atom 15 weights: 0.2756884690430271 Ni 0.2444731399256381 Cr 0.2659883896465362 Co 0.21385000138479857 V 
Atom 16 weights: 0.2675745279261661 Ni 0.28720191747184354 Cr 0.25401319355249097 Co 0.19121036104949946 V 
HEA binding free energy: 1.5208832602892643 eV, Target: 1.6 eV
Entropy: 21.483343392690998

Iteration 9, eta = 0.05
Atom 1 weights: 0.570041808084937 Ni 6.050715484207103e-15 Cr 0.37596218508132545 Co 0.05399600683373142 V 
Atom 2 weights: 0.26114383729124846 Ni 0.23038885745187995 Cr 0.28730035720103986 Co 0.2211669480558317 V 
Atom 3 weights: 0.2690321073487253 Ni 0.22789326728309803 Cr 0.2610920742609374 Co 0.2419825511072393 V 
Atom 4 weights: 0.2264382292878141 Ni 0.2864079221328131 Cr 0.24440443342618506 Co 0.2427494151531878 V 
Atom 5 weights: 0.2004223164535986 Ni 0.25486506415574917 Cr 0.20609946815173688 Co 0.33861315123891533 V 
Atom 6 weights: 0.23724712930903802 Ni 0.2544826851411589 Cr 0.21162139770554952 Co 0.29664878784425347 V 
Atom 7 weights: 0.19273039912644963 Ni 0.2683833587938509 Cr 0.1789775398576257 Co 0.3599087022220737 V 
Atom 8 weights: 0.2535902943811126 Ni 0.261905014008912 Cr 0.18816782816606512 Co 0.2963368634439103 V 
Atom 9 weights: 0.24666910390460575 Ni 0.21777099757980103 Cr 0.2274359679414098 Co 0.30812393057418336 V 
Atom 10 weights: 0.25501599976217515 Ni 0.22325352433189885 Cr 0.21768328424527758 Co 0.3040471916606484 V 
Atom 11 weights: 0.19730696367288936 Ni 0.2888088533321116 Cr 0.21918864527300996 Co 0.29469553772198914 V 
Atom 12 weights: 0.22256865292836533 Ni 0.2212829440874724 Cr 0.28332358534988766 Co 0.2728248176342746 V 
Atom 13 weights: 0.27793880128590637 Ni 0.23399321671343967 Cr 0.2721072435393492 Co 0.21596073846130476 V 
Atom 14 weights: 0.24554367976741734 Ni 0.22153400614903346 Cr 0.2958555517856012 Co 0.23706676229794799 V 
Atom 15 weights: 0.27567221239714257 Ni 0.24446178863810739 Cr 0.2659651107494264 Co 0.21390088821532366 V 
Atom 16 weights: 0.2678110739750371 Ni 0.2872802336082574 Cr 0.2542156234580151 Co 0.1906930689586903 V 
HEA binding free energy: 1.5528308007509204 eV, Target: 1.6 eV
Entropy: 21.478011200642133

Iteration 10, eta = 0.05
Atom 1 weights: 0.5731034786815522 Ni 0.0 Cr 0.3771182192026575 Co 0.04977830211579032 V 
Atom 2 weights: 0.2606622265004041 Ni 0.23015344465114235 Cr 0.286886128106 Co 0.22229820074245354 V 
Atom 3 weights: 0.26858262778217573 Ni 0.22765627575428185 Cr 0.26062050055194014 Co 0.24314059591160228 V 
Atom 4 weights: 0.22594907521928942 Ni 0.28634379216060085 Cr 0.24396672380772436 Co 0.24374040881238532 V 
Atom 5 weights: 0.20086863526430482 Ni 0.25497554296563424 Cr 0.20651395142956688 Co 0.33764187034049403 V 
Atom 6 weights: 0.2377040953840998 Ni 0.25461109505588697 Cr 0.21198359002950762 Co 0.29570121953050554 V 
Atom 7 weights: 0.1931754725999142 Ni 0.2685695461704262 Cr 0.17935173614750033 Co 0.3589032450821593 V 
Atom 8 weights: 0.25416222822909196 Ni 0.2620359476659425 Cr 0.1885222740222816 Co 0.29527955008268403 V 
Atom 9 weights: 0.24691646529281097 Ni 0.21776573114922776 Cr 0.2276245438817919 Co 0.30769325967616945 V 
Atom 10 weights: 0.25555004232684 Ni 0.22330376225917264 Cr 0.21809096105286638 Co 0.30305523436112103 V 
Atom 11 weights: 0.19772944674157386 Ni 0.289063742490199 Cr 0.21964173697542932 Co 0.2935650737927978 V 
Atom 12 weights: 0.2226927389119294 Ni 0.22127591524950663 Cr 0.2836052865938403 Co 0.27242605924472374 V 
Atom 13 weights: 0.27808599018102603 Ni 0.23394403456596372 Cr 0.27222615866433336 Co 0.21574381658867703 V 
Atom 14 weights: 0.24544680528708743 Ni 0.22143678157110946 Cr 0.29589546894028107 Co 0.2372209442015221 V 
Atom 15 weights: 0.27564720316954655 Ni 0.24442417345757608 Cr 0.2659193661463598 Co 0.21400925722651748 V 
Atom 16 weights: 0.26801745597403304 Ni 0.28739726774990093 Cr 0.2543686979754194 Co 0.19021657830064664 V 
HEA binding free energy: 1.5751597248660822 eV, Target: 1.6 eV
Entropy: 21.47063185971198

Iteration 11, eta = 0.1
Atom 1 weights: 0.5731034786815522 Ni 0.0 Cr 0.3771182192026575 Co 0.04977830211579032 V 
Atom 2 weights: 0.2606622265004041 Ni 0.23015344465114235 Cr 0.286886128106 Co 0.22229820074245354 V 
Atom 3 weights: 0.26858262778217573 Ni 0.22765627575428185 Cr 0.26062050055194014 Co 0.24314059591160228 V 
Atom 4 weights: 0.22594907521928942 Ni 0.28634379216060085 Cr 0.24396672380772436 Co 0.24374040881238532 V 
Atom 5 weights: 0.20086863526430482 Ni 0.25497554296563424 Cr 0.20651395142956688 Co 0.33764187034049403 V 
Atom 6 weights: 0.2377040953840998 Ni 0.25461109505588697 Cr 0.21198359002950762 Co 0.29570121953050554 V 
Atom 7 weights: 0.1931754725999142 Ni 0.2685695461704262 Cr 0.17935173614750033 Co 0.3589032450821593 V 
Atom 8 weights: 0.25416222822909196 Ni 0.2620359476659425 Cr 0.1885222740222816 Co 0.29527955008268403 V 
Atom 9 weights: 0.24691646529281097 Ni 0.21776573114922776 Cr 0.2276245438817919 Co 0.30769325967616945 V 
Atom 10 weights: 0.25555004232684 Ni 0.22330376225917264 Cr 0.21809096105286638 Co 0.30305523436112103 V 
Atom 11 weights: 0.19772944674157386 Ni 0.289063742490199 Cr 0.21964173697542932 Co 0.2935650737927978 V 
Atom 12 weights: 0.2226927389119294 Ni 0.22127591524950663 Cr 0.2836052865938403 Co 0.27242605924472374 V 
Atom 13 weights: 0.27808599018102603 Ni 0.23394403456596372 Cr 0.27222615866433336 Co 0.21574381658867703 V 
Atom 14 weights: 0.24544680528708743 Ni 0.22143678157110946 Cr 0.29589546894028107 Co 0.2372209442015221 V 
Atom 15 weights: 0.27564720316954655 Ni 0.24442417345757608 Cr 0.2659193661463598 Co 0.21400925722651748 V 
Atom 16 weights: 0.26801745597403304 Ni 0.28739726774990093 Cr 0.2543686979754194 Co 0.19021657830064664 V 
HEA binding free energy: 1.5433742343673766 eV, Target: 1.6 eV
Entropy: 21.47063185971198

Iteration 12, eta = 0.1
Atom 1 weights: 0.5785628935518162 Ni 0.0 Cr 0.3798496190554127 Co 0.041587487392771016 V 
Atom 2 weights: 0.2644242395070982 Ni 0.2305248589513143 Cr 0.2905375070033031 Co 0.2145133945382844 V 
Atom 3 weights: 0.27254655497484537 Ni 0.22803988141765413 Cr 0.2641955163009164 Co 0.23521804730658405 V 
Atom 4 weights: 0.22824752722925373 Ni 0.2870245081219636 Cr 0.24618586240419385 Co 0.23854210224458883 V 
Atom 5 weights: 0.20189922524948944 Ni 0.25526910792161295 Cr 0.20747668475435602 Co 0.33535498207454156 V 
Atom 6 weights: 0.23932468578110017 Ni 0.25496072399523245 Cr 0.21326913540460743 Co 0.2924454548190599 V 
Atom 7 weights: 0.1942052145353715 Ni 0.2690205312615237 Cr 0.1801663112123444 Co 0.3566079429907604 V 
Atom 8 weights: 0.2558531135230083 Ni 0.26242087537923364 Cr 0.1895602748685532 Co 0.29216573622920483 V 
Atom 9 weights: 0.2454915881845577 Ni 0.2172832288528797 Cr 0.22615863404662523 Co 0.31106654891593744 V 
Atom 10 weights: 0.2546329534939498 Ni 0.22293986083978934 Cr 0.21695709546025468 Co 0.30547009020600624 V 
Atom 11 weights: 0.19618941050324107 Ni 0.28916692774729563 Cr 0.21836738625237878 Co 0.2962762754970846 V 
Atom 12 weights: 0.2216885721318703 Ni 0.22093921859901838 Cr 0.28315023545952367 Co 0.2742219738095877 V 
Atom 13 weights: 0.2748580547852475 Ni 0.2332286077001114 Cr 0.26921692371830913 Co 0.22269641379633187 V 
Atom 14 weights: 0.24184195843363993 Ni 0.22060494945063683 Cr 0.2929614794653419 Co 0.24459161265038137 V 
Atom 15 weights: 0.2723768813627357 Ni 0.2437775129135813 Cr 0.2628391516709051 Co 0.22100645405277786 V 
Atom 16 weights: 0.2646887915721783 Ni 0.2870458612582626 Cr 0.2511994561098039 Co 0.19706589105975525 V 
HEA binding free energy: 1.5830795779262405 eV, Target: 1.6 eV
Entropy: 21.45500428910868

Iteration 13, eta = 0.2
Atom 1 weights: 0.5785628935518162 Ni 0.0 Cr 0.3798496190554127 Co 0.041587487392771016 V 
Atom 2 weights: 0.2644242395070982 Ni 0.2305248589513143 Cr 0.2905375070033031 Co 0.2145133945382844 V 
Atom 3 weights: 0.27254655497484537 Ni 0.22803988141765413 Cr 0.2641955163009164 Co 0.23521804730658405 V 
Atom 4 weights: 0.22824752722925373 Ni 0.2870245081219636 Cr 0.24618586240419385 Co 0.23854210224458883 V 
Atom 5 weights: 0.20189922524948944 Ni 0.25526910792161295 Cr 0.20747668475435602 Co 0.33535498207454156 V 
Atom 6 weights: 0.23932468578110017 Ni 0.25496072399523245 Cr 0.21326913540460743 Co 0.2924454548190599 V 
Atom 7 weights: 0.1942052145353715 Ni 0.2690205312615237 Cr 0.1801663112123444 Co 0.3566079429907604 V 
Atom 8 weights: 0.2558531135230083 Ni 0.26242087537923364 Cr 0.1895602748685532 Co 0.29216573622920483 V 
Atom 9 weights: 0.2454915881845577 Ni 0.2172832288528797 Cr 0.22615863404662523 Co 0.31106654891593744 V 
Atom 10 weights: 0.2546329534939498 Ni 0.22293986083978934 Cr 0.21695709546025468 Co 0.30547009020600624 V 
Atom 11 weights: 0.19618941050324107 Ni 0.28916692774729563 Cr 0.21836738625237878 Co 0.2962762754970846 V 
Atom 12 weights: 0.2216885721318703 Ni 0.22093921859901838 Cr 0.28315023545952367 Co 0.2742219738095877 V 
Atom 13 weights: 0.2748580547852475 Ni 0.2332286077001114 Cr 0.26921692371830913 Co 0.22269641379633187 V 
Atom 14 weights: 0.24184195843363993 Ni 0.22060494945063683 Cr 0.2929614794653419 Co 0.24459161265038137 V 
Atom 15 weights: 0.2723768813627357 Ni 0.2437775129135813 Cr 0.2628391516709051 Co 0.22100645405277786 V 
Atom 16 weights: 0.2646887915721783 Ni 0.2870458612582626 Cr 0.2511994561098039 Co 0.19706589105975525 V 
HEA binding free energy: 1.4846648843109491 eV, Target: 1.6 eV
Entropy: 21.45500428910868

Iteration 14, eta = 0.2
Atom 1 weights: 0.5834402800475258 Ni 5.551115123125783e-17 Cr 0.37982704112675897 Co 0.03673267882571529 V 
Atom 2 weights: 0.2679393986679421 Ni 0.230597600284737 Cr 0.29413078363690365 Co 0.20733221741041732 V 
Atom 3 weights: 0.27764067177907165 Ni 0.22830724799891894 Cr 0.2687345908204192 Co 0.22531748940159008 V 
Atom 4 weights: 0.22674857362412032 Ni 0.2869967153443822 Cr 0.2449276903102283 Co 0.2413270207212691 V 
Atom 5 weights: 0.20294454687283386 Ni 0.2556760470999135 Cr 0.2084654119910353 Co 0.33291399403621735 V 
Atom 6 weights: 0.23733474241108968 Ni 0.2546508435613845 Cr 0.2110234929562268 Co 0.29699092107129893 V 
Atom 7 weights: 0.1983380645069107 Ni 0.2704708713520039 Cr 0.18376031866331136 Co 0.34743074547777403 V 
Atom 8 weights: 0.25826084026646384 Ni 0.26309064527182524 Cr 0.1908098161147831 Co 0.2878386983469277 V 
Atom 9 weights: 0.24391443981028782 Ni 0.216619733560864 Cr 0.22440176759137484 Co 0.31506405903747325 V 
Atom 10 weights: 0.25302523330860366 Ni 0.22228531638729787 Cr 0.2149087559047639 Co 0.30978069439933453 V 
Atom 11 weights: 0.1941773260165767 Ni 0.28950813085358884 Cr 0.2167716724431819 Co 0.29954287068665253 V 
Atom 12 weights: 0.2189590366792264 Ni 0.22012638798653583 Cr 0.2815078423428465 Co 0.27940673299139124 V 
Atom 13 weights: 0.2751534089793819 Ni 0.2328994263061143 Cr 0.2694245854405315 Co 0.22252257927397237 V 
Atom 14 weights: 0.23823564014442844 Ni 0.2194804642717172 Cr 0.29037361500665726 Co 0.2519102805771971 V 
Atom 15 weights: 0.27399335569471484 Ni 0.24389083242117912 Cr 0.2642168998299669 Co 0.21789891205413908 V 
Atom 16 weights: 0.2628736911713292 Ni 0.2871310129521122 Cr 0.24932691819396585 Co 0.20066837768259288 V 
HEA binding free energy: 1.5365262610781947 eV, Target: 1.6 eV
Entropy: 21.440033060891317

Iteration 15, eta = 0.2
Atom 1 weights: 0.5890989079801203 Ni 5.0024556973590125e-17 Cr 0.3814091287968081 Co 0.02949196322307153 V 
Atom 2 weights: 0.2696113743570261 Ni 0.23046148710169823 Cr 0.29602011290805696 Co 0.20390702563321866 V 
Atom 3 weights: 0.2795410480408176 Ni 0.22815410903363367 Cr 0.2703551037045499 Co 0.22194973922099878 V 
Atom 4 weights: 0.22703908930362812 Ni 0.2874668457320721 Cr 0.24536541694354183 Co 0.24012864802075792 V 
Atom 5 weights: 0.20199910409959038 Ni 0.2556758807910755 Cr 0.20760792358192565 Co 0.3347170915274086 V 
Atom 6 weights: 0.23627127235859943 Ni 0.2545272886604453 Cr 0.20965569386492963 Co 0.29954574511602555 V 
Atom 7 weights: 0.1981301173571978 Ni 0.27088816508360186 Cr 0.18331760235692293 Co 0.34766411520227747 V 
Atom 8 weights: 0.2585700719666764 Ni 0.2632933676217165 Cr 0.1901596253045524 Co 0.2879769351070547 V 
Atom 9 weights: 0.24307070545669632 Ni 0.2160542066577406 Cr 0.22334265082903523 Co 0.31753243705652784 V 
Atom 10 weights: 0.25268383912197667 Ni 0.221843877606536 Cr 0.21406247866193515 Co 0.31140980460955214 V 
Atom 11 weights: 0.19281416911073726 Ni 0.2899354128602725 Cr 0.2157625604920061 Co 0.30148785753698404 V 
Atom 12 weights: 0.2177084943646577 Ni 0.21956519408594946 Cr 0.28118056895503996 Co 0.28154574259435294 V 
Atom 13 weights: 0.2759192055300171 Ni 0.23270890988592086 Cr 0.27007483355512735 Co 0.2212970510289346 V 
Atom 14 weights: 0.23745602345663547 Ni 0.21892638457923064 Cr 0.29036281452419144 Co 0.2532547774399425 V 
Atom 15 weights: 0.2751216465112588 Ni 0.24393102768987457 Cr 0.2651481160161489 Co 0.21579920978271766 V 
Atom 16 weights: 0.26288942107819946 Ni 0.2875860167070535 Cr 0.24916170217529354 Co 0.2003628600394535 V 
HEA binding free energy: 1.594080884434866 eV, Target: 1.6 eV
Entropy: 21.41215982129415

Iteration 16, eta = 0.2
Atom 1 weights: 0.5977556516372159 Ni 8.326672684688674e-17 Cr 0.3827918538987478 Co 0.019452494464036286 V 
Atom 2 weights: 0.27100874814136483 Ni 0.22990937755391372 Cr 0.2981888719546995 Co 0.20089300235002205 V 
Atom 3 weights: 0.28172875041670076 Ni 0.22760389064983816 Cr 0.2721347910906726 Co 0.2185325678427884 V 
Atom 4 weights: 0.22568544386861483 Ni 0.2884487353930851 Cr 0.24461398474100615 Co 0.24125183599729383 V 
Atom 5 weights: 0.2011506666715923 Ni 0.25598861339172424 Cr 0.20688585184032288 Co 0.33597486809636057 V 
Atom 6 weights: 0.2353809686108636 Ni 0.2545786157662539 Cr 0.20794533432112638 Co 0.30209508130175605 V 
Atom 7 weights: 0.19806887801150014 Ni 0.2719312287707458 Cr 0.1826745788590527 Co 0.34732531435870134 V 
Atom 8 weights: 0.2596126025170722 Ni 0.2638816215569765 Cr 0.18895383990263065 Co 0.28755193602332063 V 
Atom 9 weights: 0.2425548281772084 Ni 0.21494437313074655 Cr 0.22221729203399695 Co 0.32028350665804817 V 
Atom 10 weights: 0.2523134864784943 Ni 0.22087212724514693 Cr 0.21248686403397193 Co 0.3143275222423869 V 
Atom 11 weights: 0.19070137763983228 Ni 0.2911590991628222 Cr 0.21440494017974093 Co 0.30373458301760453 V 
Atom 12 weights: 0.216096214392103 Ni 0.218499427067176 Cr 0.2816478398926658 Co 0.28375651864805523 V 
Atom 13 weights: 0.27658257595521374 Ni 0.23210666803423066 Cr 0.2705607917488849 Co 0.2207499642616707 V 
Atom 14 weights: 0.23590669364574635 Ni 0.2177072390828324 Cr 0.29059375583920394 Co 0.2557923114322173 V 
Atom 15 weights: 0.27614992436414765 Ni 0.24377025109879694 Cr 0.26583966859962493 Co 0.21424015593743048 V 
Atom 16 weights: 0.2625767361611611 Ni 0.2886302414855376 Cr 0.2484610905074665 Co 0.20033193184583473 V 
HEA binding free energy: 1.615550727738543 eV, Target: 1.6 eV
Entropy: 21.371192881371734

Iteration 17, eta = 0.2
Atom 1 weights: 0.6165028213066687 Ni 1.942890293094024e-16 Cr 0.383497178693331 Co 1.942890293094024e-16 V 
Atom 2 weights: 0.27293239169292216 Ni 0.22823163355291817 Cr 0.3023060826009695 Co 0.19652989215319017 V 
Atom 3 weights: 0.28565214116015614 Ni 0.2259158389573065 Cr 0.2751517049814422 Co 0.21328031490109498 V 
Atom 4 weights: 0.2212597100700788 Ni 0.2909744476391968 Cr 0.24187841782579178 Co 0.24588742446493267 V 
Atom 5 weights: 0.19831267656902318 Ni 0.2567158737928404 Cr 0.20443299390212696 Co 0.3405384557360095 V 
Atom 6 weights: 0.23263664818636953 Ni 0.2546502579620258 Cr 0.20307397042511327 Co 0.30963912342649147 V 
Atom 7 weights: 0.19714340283380663 Ni 0.27451712953094387 Cr 0.18027233178367252 Co 0.348067135851577 V 
Atom 8 weights: 0.2615880020190561 Ni 0.2652963455989948 Cr 0.18507017614614246 Co 0.28804547623580673 V 
Atom 9 weights: 0.24214900488173183 Ni 0.21216250882742627 Cr 0.22012944638516668 Co 0.32555903990567525 V 
Atom 10 weights: 0.25190137875090834 Ni 0.21841301170607486 Cr 0.20886124613300514 Co 0.32082436341001175 V 
Atom 11 weights: 0.18565991421992317 Ni 0.29449173826225494 Cr 0.21131548972159914 Co 0.3085328577962227 V 
Atom 12 weights: 0.21223595692926484 Ni 0.2157542744307485 Cr 0.2832340450565168 Co 0.28877572358347 V 
Atom 13 weights: 0.27943046429627405 Ni 0.23071541000777226 Cr 0.27285827820218683 Co 0.21699584749376682 V 
Atom 14 weights: 0.2332991479551085 Ni 0.214751403102141 Cr 0.2925625412323632 Co 0.25938690771038725 V 
Atom 15 weights: 0.2799429696162176 Ni 0.24353809344088795 Cr 0.268662522486538 Co 0.20785641445635641 V 
Atom 16 weights: 0.26300455166189574 Ni 0.2916219390541282 Cr 0.24777146529547187 Co 0.19760204398850417 V 
HEA binding free energy: 1.657909338894202 eV, Target: 1.6 eV
Entropy: 21.257837443172022

Iteration 18, eta = 0.2
Atom 1 weights: 0.6211437662183411 Ni 0.0 Cr 0.378856233781659 Co 0.0 V 
Atom 2 weights: 0.2745365701712462 Ni 0.2274292135523518 Cr 0.3051240379171334 Co 0.19291017835926863 V 
Atom 3 weights: 0.2881672692974509 Ni 0.22507356302869294 Cr 0.2771544175623647 Co 0.20960475011149146 V 
Atom 4 weights: 0.21966972785693392 Ni 0.29264302036922457 Cr 0.2411968794061659 Co 0.2464903723676755 V 
Atom 5 weights: 0.19645268146309486 Ni 0.2570793366317858 Cr 0.20281247018464563 Co 0.34365551172047376 V 
Atom 6 weights: 0.2313530046635936 Ni 0.2547410278456389 Cr 0.20057438644962816 Co 0.3133315810411394 V 
Atom 7 weights: 0.19588926610866972 Ni 0.27579144784321097 Cr 0.17823483789068328 Co 0.35008444815743617 V 
Atom 8 weights: 0.262270435747481 Ni 0.2660001821285951 Cr 0.1824887032768799 Co 0.28924067884704396 V 
Atom 9 weights: 0.24168880095835887 Ni 0.21052953501548272 Cr 0.21873584145011626 Co 0.32904582257604204 V 
Atom 10 weights: 0.25156619967257976 Ni 0.2170034965213222 Cr 0.2067267603598374 Co 0.3247035434462606 V 
Atom 11 weights: 0.18258205010077727 Ni 0.2963177826418134 Cr 0.209354667629387 Co 0.31174549962802234 V 
Atom 12 weights: 0.20969681775782653 Ni 0.21413283436899644 Cr 0.2837820447959933 Co 0.2923883030771837 V 
Atom 13 weights: 0.28072612182699813 Ni 0.22989802851242366 Cr 0.2738710053949275 Co 0.21550484426565067 V 
Atom 14 weights: 0.23206972887587726 Ni 0.213148019547873 Cr 0.29389191966592687 Co 0.2608903319103228 V 
Atom 15 weights: 0.28154602098652587 Ni 0.2433212659631324 Cr 0.2697618208506511 Co 0.2053708921996907 V 
Atom 16 weights: 0.26330307523117286 Ni 0.2933294151826577 Cr 0.24743925135677355 Co 0.19592825822939597 V 
HEA binding free energy: 1.6569262560110367 eV, Target: 1.6 eV
Entropy: 21.237055499388138

Iteration 19, eta = 0.2
Atom 1 weights: 0.6183104726839469 Ni 0.0 Cr 0.0 Co 0.3816895273160531 V 
Atom 2 weights: 0.352949589830941 Ni 0.19546537500905214 Cr 0.43669492712752256 Co 0.014890108032484473 V 
Atom 3 weights: 0.39875814855109737 Ni 0.19024781211623384 Cr 0.3659966055074128 Co 0.04499743382525592 V 
Atom 4 weights: 0.18070925851642744 Ni 0.3743162775079177 Cr 0.24063239210107545 Co 0.20434207187457942 V 
Atom 5 weights: 0.10495416251471643 Ni 0.2712456142619802 Cr 0.1226572977375882 Co 0.5011429254857153 V 
Atom 6 weights: 0.18605714952949629 Ni 0.2609032000218841 Cr 0.10124382251039461 Co 0.4517958279382249 V 
Atom 7 weights: 0.11347303355459785 Ni 0.3249395895246795 Cr 0.0633221660689309 Co 0.4982652108517917 V 
Atom 8 weights: 0.2774698673728637 Ni 0.2937330576038628 Cr 0.05589482196292264 Co 0.37290225306035085 V 
Atom 9 weights: 0.2201977042532715 Ni 0.13787960949199998 Cr 0.15635771340073337 Co 0.48556497285399514 V 
Atom 10 weights: 0.23697687497983097 Ni 0.15504145838901004 Cr 0.11338059165275978 Co 0.4946010749783993 V 
Atom 11 weights: 0.042139928817322536 Ni 0.37510131263037183 Cr 0.1182722893375383 Co 0.4644864692147673 V 
Atom 12 weights: 0.09372846015260586 Ni 0.1419830859842594 Cr 0.30324000338713575 Co 0.46104845047599896 V 
Atom 13 weights: 0.3294176786002729 Ni 0.1933727289829813 Cr 0.3109111782441106 Co 0.16629841417263536 V 
Atom 14 weights: 0.1900452908200766 Ni 0.14563339383887258 Cr 0.3630794263158204 Co 0.3012418890252303 V 
Atom 15 weights: 0.3362843124628424 Ni 0.23136480713131172 Cr 0.3036717401641041 Co 0.12867914024174187 V 
Atom 16 weights: 0.2789887721650406 Ni 0.3690505496626014 Cr 0.23538687051846244 Co 0.11657380765389556 V 
HEA binding free energy: 1.0047506608614643 eV, Target: 1.6 eV
Entropy: 19.253887966687586

Iteration 20, eta = 0.2
Atom 1 weights: 0.6241082261085426 Ni 0.0 Cr 0.12189902109017449 Co 0.253992752801283 V 
Atom 2 weights: 0.32801804868750184 Ni 0.2052366439029208 Cr 0.39530362147386433 Co 0.07144168593571301 V 
Atom 3 weights: 0.3640313333637958 Ni 0.200952405255059 Cr 0.3380319543256105 Co 0.09698430705553475 V 
Atom 4 weights: 0.19256261158296034 Ni 0.34889311388021266 Cr 0.2405858569178106 Co 0.2179584176190164 V 
Atom 5 weights: 0.1337119983319347 Ni 0.2669228427967206 Cr 0.14786849348593703 Co 0.4514966653854075 V 
Atom 6 weights: 0.20003603109000237 Ni 0.258975012395509 Cr 0.1319877845240804 Co 0.4090011719904082 V 
Atom 7 weights: 0.1396254566238527 Ni 0.30983920820211686 Cr 0.09951717732618125 Co 0.4510181578478491 V 
Atom 8 weights: 0.27322098515079757 Ni 0.2852193712111701 Cr 0.09558931874250771 Co 0.3459703248955246 V 
Atom 9 weights: 0.2276791955639444 Ni 0.16056217315997998 Cr 0.17646404920693443 Co 0.4352945820691412 V 
Atom 10 weights: 0.242031384950524 Ni 0.17436961321193906 Cr 0.14282846711132596 Co 0.440770534726211 V 
Atom 11 weights: 0.08571867567177777 Ni 0.35068808297581316 Cr 0.14654308222301524 Co 0.41705015912939375 V 
Atom 12 weights: 0.1303865405428261 Ni 0.16451664681856312 Cr 0.2978553953471324 Co 0.4072414172914783 V 
Atom 13 weights: 0.3142545662277508 Ni 0.2046908527708159 Cr 0.2993687847849402 Co 0.18168579621649297 V 
Atom 14 weights: 0.20238896527459654 Ni 0.1664418610197842 Cr 0.34097921348449356 Co 0.2901899602211257 V 
Atom 15 weights: 0.31938292607260826 Ni 0.23509356858898128 Cr 0.29322691075541035 Co 0.1522965945830002 V 
Atom 16 weights: 0.27332281511152073 Ni 0.3453930675913413 Cr 0.2383821604378223 Co 0.1429019568593157 V 
HEA binding free energy: 1.1935037114490439 eV, Target: 1.6 eV
Entropy: 20.385068432832874

Iteration 21, eta = 0.2
Atom 1 weights: 0.6666114094262265 Ni 0.0 Cr 0.11611952639197552 Co 0.21726906418179784 V 
Atom 2 weights: 0.332376582879639 Ni 0.20091075893265695 Cr 0.40481302265186225 Co 0.061899635535841845 V 
Atom 3 weights: 0.3759277124184499 Ni 0.19723355617888733 Cr 0.34753529583716114 Co 0.0793034355655017 V 
Atom 4 weights: 0.18617613911777775 Ni 0.3557887029710356 Cr 0.2380174179182463 Co 0.22001773999294041 V 
Atom 5 weights: 0.13018984742958986 Ni 0.2695974140003561 Cr 0.14512863934012907 Co 0.45508409922992504 V 
Atom 6 weights: 0.19412100871541044 Ni 0.25938762983001173 Cr 0.12099462068428946 Co 0.4254967407702885 V 
Atom 7 weights: 0.1387809119763166 Ni 0.31672703580837736 Cr 0.09519590970255594 Co 0.4492961425127501 V 
Atom 8 weights: 0.2768609211912064 Ni 0.2882853202089767 Cr 0.08528427408105455 Co 0.34956948451876246 V 
Atom 9 weights: 0.2269422158745703 Ni 0.1536134497559093 Cr 0.17159033534281687 Co 0.4478539990267037 V 
Atom 10 weights: 0.24741831901840855 Ni 0.17000951763540936 Cr 0.14023338489128775 Co 0.44233877845489433 V 
Atom 11 weights: 0.07260581295976543 Ni 0.3587514542366109 Cr 0.13828491747780755 Co 0.4303578153258161 V 
Atom 12 weights: 0.12646526100809197 Ni 0.1593400239549482 Cr 0.30672137215803363 Co 0.40747334287892617 V 
Atom 13 weights: 0.3188050054601586 Ni 0.20086545937699482 Cr 0.3027555990479672 Co 0.17757393611487934 V 
Atom 14 weights: 0.19948623375738744 Ni 0.15989962048529385 Cr 0.3487721885879509 Co 0.2918419571693678 V 
Atom 15 weights: 0.32804638702081595 Ni 0.23428484606376074 Cr 0.2995551759821095 Co 0.13811359093331385 V 
Atom 16 weights: 0.27553509698958323 Ni 0.3528406997870772 Cr 0.23784237888400758 Co 0.13378182433933195 V 
HEA binding free energy: 1.2893599473676896 eV, Target: 1.6 eV
Entropy: 20.165587526359193

Iteration 22, eta = 0.2
Atom 1 weights: 0.9277951477392941 Ni 0.0 Cr 0.07220485226070597 Co 0.0 V 
Atom 2 weights: 0.3616063490568199 Ni 0.17173434011204186 Cr 0.46665931083113765 Co 6.661338147750939e-16 V 
Atom 3 weights: 0.44044105646631987 Ni 0.16266342239051232 Cr 0.3968955211431678 Co 0.0 V 
Atom 4 weights: 0.152533697832771 Ni 0.40128184957819124 Cr 0.2280769598194463 Co 0.2181074927695914 V 
Atom 5 weights: 0.1043319721765379 Ni 0.28566893479794736 Cr 0.12441182125907654 Co 0.4855872717664382 V 
Atom 6 weights: 0.15795688973469646 Ni 0.26231172193209257 Cr 0.0523778590308351 Co 0.5273535293023758 V 
Atom 7 weights: 0.12979233190359615 Ni 0.35946423687205453 Cr 0.06421592656837236 Co 0.446527504655977 V 
Atom 8 weights: 0.3024441779218071 Ni 0.3082931673837194 Cr 0.02191428943350779 Co 0.3673483652609657 V 
Atom 9 weights: 0.22300621694569414 Ni 0.10984949425444515 Cr 0.14138099321779163 Co 0.525763295582069 V 
Atom 10 weights: 0.27380902332136087 Ni 0.1404154194044798 Cr 0.11622741600989688 Co 0.46954814126426236 V 
Atom 11 weights: 1.1102230246251565e-16 Ni 0.405477094613124 Cr 0.08047497533100605 Co 0.5140479300558699 V 
Atom 12 weights: 0.09469047711335389 Ni 0.12480569365922657 Cr 0.35671718393671875 Co 0.4237866452907008 V 
Atom 13 weights: 0.34409417421997823 Ni 0.17618505475249882 Cr 0.32095667505000885 Co 0.15876409597751417 V 
Atom 14 weights: 0.17120253553822046 Ni 0.1167635781902246 Cr 0.38929075006117925 Co 0.3227431362103758 V 
Atom 15 weights: 0.3767063964846266 Ni 0.22831975221828527 Cr 0.3339045981178868 Co 0.061069253179201255 V 
