Initilizing minimization for species Ni Cr Co V 

Target: 1.6 eV
Performing first surface calculations...
Surface calculations successfully finished.
Initial entropy parameter eta set to 0.05
_____________________________________________________________________
Beginning minimzation


Iteration 1, eta = 0.05
Atom 1 weights: 0.2647478848001299 Ni 0.2167854227749672 Cr 0.26287288616631066 Co 0.25559380625859224 V 
Atom 2 weights: 0.23721862963712997 Ni 0.2420155408486706 Cr 0.24123181602642413 Co 0.27953401348777523 V 
Atom 3 weights: 0.2593910164885421 Ni 0.23544748127228476 Cr 0.2632165264826302 Co 0.241944975756543 V 
Atom 4 weights: 0.2928360956714786 Ni 0.24416108316076282 Cr 0.22184620125381788 Co 0.24115661991394055 V 
Atom 5 weights: 0.22680833257138683 Ni 0.2260991219755422 Cr 0.32219112930842964 Co 0.22490141614464132 V 
Atom 6 weights: 0.22921739296855292 Ni 0.2659173832285246 Cr 0.28320654785642146 Co 0.22165867594650104 V 
Atom 7 weights: 0.28213262422571783 Ni 0.28799690249529597 Cr 0.21471738104956561 Co 0.21515309222942056 V 
Atom 8 weights: 0.23828870992722992 Ni 0.3075951634523324 Cr 0.23558891572949334 Co 0.2185272108909444 V 
Atom 9 weights: 0.25302482636679385 Ni 0.2732838855473525 Cr 0.213341124425907 Co 0.2603501636599465 V 
Atom 10 weights: 0.22756760019608024 Ni 0.23788036031370893 Cr 0.2603188919496452 Co 0.2742331475405657 V 
Atom 11 weights: 0.20535103875559543 Ni 0.25141739923545336 Cr 0.266524293046203 Co 0.2767072689627481 V 
Atom 12 weights: 0.22575579952295027 Ni 0.2589382183858732 Cr 0.2864164625568628 Co 0.2288895195343137 V 
Atom 13 weights: 0.2058691265592037 Ni 0.24313917955295872 Cr 0.26560759681719076 Co 0.28538409707064677 V 
Atom 14 weights: 0.22029305405387864 Ni 0.2527946487643081 Cr 0.3050235018470084 Co 0.22188879533480485 V 
Atom 15 weights: 0.27347748074471645 Ni 0.2761054436133253 Cr 0.22961243761648675 Co 0.22080463802547157 V 
Atom 16 weights: 0.24123071155216427 Ni 0.28276421461468476 Cr 0.22053786518235688 Co 0.25546720865079414 V 
HEA binding free energy: 0.5926752405397631 eV, Target: 1.6 eV
Entropy: 22.088548140067783

Iteration 2, eta = 0.1
Atom 1 weights: 0.2647478848001299 Ni 0.2167854227749672 Cr 0.26287288616631066 Co 0.25559380625859224 V 
Atom 2 weights: 0.23721862963712997 Ni 0.2420155408486706 Cr 0.24123181602642413 Co 0.27953401348777523 V 
Atom 3 weights: 0.2593910164885421 Ni 0.23544748127228476 Cr 0.2632165264826302 Co 0.241944975756543 V 
Atom 4 weights: 0.2928360956714786 Ni 0.24416108316076282 Cr 0.22184620125381788 Co 0.24115661991394055 V 
Atom 5 weights: 0.22680833257138683 Ni 0.2260991219755422 Cr 0.32219112930842964 Co 0.22490141614464132 V 
Atom 6 weights: 0.22921739296855292 Ni 0.2659173832285246 Cr 0.28320654785642146 Co 0.22165867594650104 V 
Atom 7 weights: 0.28213262422571783 Ni 0.28799690249529597 Cr 0.21471738104956561 Co 0.21515309222942056 V 
Atom 8 weights: 0.23828870992722992 Ni 0.3075951634523324 Cr 0.23558891572949334 Co 0.2185272108909444 V 
Atom 9 weights: 0.25302482636679385 Ni 0.2732838855473525 Cr 0.213341124425907 Co 0.2603501636599465 V 
Atom 10 weights: 0.22756760019608024 Ni 0.23788036031370893 Cr 0.2603188919496452 Co 0.2742331475405657 V 
Atom 11 weights: 0.20535103875559543 Ni 0.25141739923545336 Cr 0.266524293046203 Co 0.2767072689627481 V 
Atom 12 weights: 0.22575579952295027 Ni 0.2589382183858732 Cr 0.2864164625568628 Co 0.2288895195343137 V 
Atom 13 weights: 0.2058691265592037 Ni 0.24313917955295872 Cr 0.26560759681719076 Co 0.28538409707064677 V 
Atom 14 weights: 0.22029305405387864 Ni 0.2527946487643081 Cr 0.3050235018470084 Co 0.22188879533480485 V 
Atom 15 weights: 0.27347748074471645 Ni 0.2761054436133253 Cr 0.22961243761648675 Co 0.22080463802547157 V 
Atom 16 weights: 0.24123071155216427 Ni 0.28276421461468476 Cr 0.22053786518235688 Co 0.25546720865079414 V 
HEA binding free energy: 0.5908498454548184 eV, Target: 1.6 eV
Entropy: 22.088548140067783

Iteration 3, eta = 0.1
Atom 1 weights: 0.27504602360775793 Ni 0.20935220804079105 Cr 0.2686887456829655 Co 0.24691302266848558 V 
Atom 2 weights: 0.23610297690762322 Ni 0.24160047774320825 Cr 0.2401238242781452 Co 0.2821727210710234 V 
Atom 3 weights: 0.2583030870363957 Ni 0.23501447578190213 Cr 0.2621290682186953 Co 0.2445533689630069 V 
Atom 4 weights: 0.2920743230337183 Ni 0.2439447104111837 Cr 0.22101626869575977 Co 0.24296469785933827 V 
Atom 5 weights: 0.22626178361119031 Ni 0.22599238078297137 Cr 0.3218407581126079 Co 0.22590507749323047 V 
Atom 6 weights: 0.22816149291776283 Ni 0.26588725135460733 Cr 0.2823643925768186 Co 0.22358686315081122 V 
Atom 7 weights: 0.281152471394166 Ni 0.28799870169846536 Cr 0.21375819484758932 Co 0.2170906320597794 V 
Atom 8 weights: 0.23786466259466163 Ni 0.30769054380529776 Cr 0.23521818536310182 Co 0.21922660823693882 V 
Atom 9 weights: 0.2536213802787324 Ni 0.273493815212702 Cr 0.2138522795187199 Co 0.2590325249898458 V 
Atom 10 weights: 0.22801307871472928 Ni 0.23800404840179068 Cr 0.2608027079616683 Co 0.2731801649218116 V 
Atom 11 weights: 0.2058067848292075 Ni 0.2515767866516305 Cr 0.2670607292216628 Co 0.2755556992974991 V 
Atom 12 weights: 0.22601634299376702 Ni 0.2591098219620859 Cr 0.28679114201565176 Co 0.22808269302849532 V 
Atom 13 weights: 0.20689647330375055 Ni 0.24331721833286413 Cr 0.26664350384323093 Co 0.28314280452015445 V 
Atom 14 weights: 0.22108626939419052 Ni 0.2529480735408345 Cr 0.3058893044417007 Co 0.22007635262327424 V 
Atom 15 weights: 0.2743445289140211 Ni 0.2762970595049706 Cr 0.23034604444829201 Co 0.2190123671327163 V 
Atom 16 weights: 0.24207180031559586 Ni 0.2829727294001807 Cr 0.221275668953777 Co 0.2536798013304464 V 
HEA binding free energy: 0.6272809869077367 eV, Target: 1.6 eV
Entropy: 22.086962955838843

Iteration 4, eta = 0.1
Atom 1 weights: 0.5514247465721994 Ni 0.01977831769180949 Cr 0.4287969357359911 Co 0.0 V 
Atom 2 weights: 0.222292051547473 Ni 0.2336416114853169 Cr 0.22539309069204025 Co 0.3186732462751698 V 
Atom 3 weights: 0.2440361791931398 Ni 0.22626140225052072 Cr 0.24683302733702173 Co 0.28286939121931776 V 
Atom 4 weights: 0.28343764787332687 Ni 0.2404096571093925 Cr 0.20980061211871986 Co 0.26635208289856077 V 
Atom 5 weights: 0.2153798698468056 Ni 0.22371920433688677 Cr 0.3157606327387653 Co 0.24514029307754223 V 
Atom 6 weights: 0.20612166430045226 Ni 0.2659498827635317 Cr 0.26542258186513035 Co 0.26250587107088574 V 
Atom 7 weights: 0.26105824868460276 Ni 0.28890941806336196 Cr 0.19378244797216776 Co 0.2562498852798676 V 
Atom 8 weights: 0.23056558967591778 Ni 0.3107487177736799 Cr 0.22898482607028672 Co 0.22970086648011567 V 
Atom 9 weights: 0.2639305868395004 Ni 0.27779194462187234 Cr 0.22229372904285602 Co 0.23598373949577128 V 
Atom 10 weights: 0.23357280083051965 Ni 0.24004974371516513 Cr 0.2677734403127319 Co 0.2586040151415833 V 
Atom 11 weights: 0.2117017904802325 Ni 0.2545035671854568 Cr 0.27544998729367004 Co 0.2583446550406405 V 
Atom 12 weights: 0.22751400173332406 Ni 0.26241674175502316 Cr 0.2915846671775667 Co 0.2184845893340861 V 
Atom 13 weights: 0.22183212272068306 Ni 0.24594991375829323 Cr 0.2827253438974252 Co 0.24949261962359845 V 
Atom 14 weights: 0.23106385129671583 Ni 0.2551326209768704 Cr 0.3185706272808194 Co 0.19523290044559433 V 
Atom 15 weights: 0.2863380203396065 Ni 0.279432439188327 Cr 0.23971672401240626 Co 0.19451281645966023 V 
Atom 16 weights: 0.2530301264714517 Ni 0.2864568482857638 Cr 0.23044178592326714 Co 0.23007123931951737 V 
HEA binding free energy: 1.580660077981456 eV, Target: 1.6 eV
Entropy: 21.453378886697653

Iteration 5, eta = 0.1
Atom 1 weights: 0.5524166625755482 Ni 0.018380607182650083 Cr 0.42920273024180167 Co 0.0 V 
Atom 2 weights: 0.22225318991833376 Ni 0.23359501373019056 Cr 0.22535071017185593 Co 0.3188010861796199 V 
Atom 3 weights: 0.24398052022120617 Ni 0.2261909547875697 Cr 0.24677676429092593 Co 0.28305176070029825 V 
Atom 4 weights: 0.28337530826609253 Ni 0.24036015917261375 Cr 0.2096167468716066 Co 0.2666477856896871 V 
Atom 5 weights: 0.21538658348935727 Ni 0.2236870902973961 Cr 0.3159354536329415 Co 0.24499087258030516 V 
Atom 6 weights: 0.20609141331576578 Ni 0.2659964151754637 Cr 0.2654948822933173 Co 0.26241728921545326 V 
Atom 7 weights: 0.26112755776280305 Ni 0.28899709905191817 Cr 0.19373649530924814 Co 0.2561388478760307 V 
Atom 8 weights: 0.2305758914762663 Ni 0.3108679923877021 Cr 0.2289911690353611 Co 0.22956494710067057 V 
Atom 9 weights: 0.2639863871193075 Ni 0.27784881152584356 Cr 0.22227642493136324 Co 0.2358883764234857 V 
Atom 10 weights: 0.23354916804777684 Ni 0.24003729014408753 Cr 0.2678097857205607 Co 0.258603756087575 V 
Atom 11 weights: 0.2116915564893173 Ni 0.2545272396882481 Cr 0.2755472405760715 Co 0.25823396324636316 V 
Atom 12 weights: 0.2275573486792432 Ni 0.2624592917261617 Cr 0.2917340764311251 Co 0.21824928316347003 V 
Atom 13 weights: 0.22178021214296567 Ni 0.2459401426642366 Cr 0.2827775200532218 Co 0.2495021251395759 V 
Atom 14 weights: 0.23095436592829502 Ni 0.2551247160126227 Cr 0.3186166768028265 Co 0.19530424125625573 V 
Atom 15 weights: 0.2863247947425706 Ni 0.279466002630785 Cr 0.2396283874132333 Co 0.19458081521341108 V 
Atom 16 weights: 0.2529941041587453 Ni 0.2865101119905131 Cr 0.23036935097001576 Co 0.23012643288072587 V 
HEA binding free energy: 1.5906359491317674 eV, Target: 1.6 eV
Entropy: 21.448448028198882

Iteration 6, eta = 0.1
Atom 1 weights: 0.5592440417451023 Ni 0.008730141919665382 Cr 0.4320258163352321 Co 1.1102230246251565e-16 V 
Atom 2 weights: 0.2220600453169312 Ni 0.2332999510858692 Cr 0.22513324720580866 Co 0.3195067563913909 V 
Atom 3 weights: 0.24387119274198352 Ni 0.22576606698254442 Cr 0.24664870594264723 Co 0.28371403433282494 V 
Atom 4 weights: 0.2834479349073849 Ni 0.24012648355614757 Cr 0.20881043276784994 Co 0.2676151487686177 V 
Atom 5 weights: 0.21500605947509255 Ni 0.22338060527913622 Cr 0.31675650311051884 Co 0.2448568321352524 V 
Atom 6 weights: 0.20554611186294572 Ni 0.26624737274842925 Cr 0.26568673965360257 Co 0.2625197757350225 V 
Atom 7 weights: 0.2612564320738894 Ni 0.28952873362534837 Cr 0.19308433573106792 Co 0.2561304985696943 V 
Atom 8 weights: 0.23042808533342302 Ni 0.3116488166731563 Cr 0.228829685870795 Co 0.2290934121226257 V 
Atom 9 weights: 0.26431174173732846 Ni 0.27823104433999957 Cr 0.22209739561922806 Co 0.23535981830344405 V 
Atom 10 weights: 0.2333163609792423 Ni 0.2399291332891121 Cr 0.2679974614761748 Co 0.2587570442554708 V 
Atom 11 weights: 0.21137360113735296 Ni 0.2546309200896224 Cr 0.2759924582384876 Co 0.25800302053453705 V 
Atom 12 weights: 0.22748392166154122 Ni 0.26268181846917366 Cr 0.29242856057673505 Co 0.21740569929255021 V 
Atom 13 weights: 0.22153253078250792 Ni 0.2459055843555 Cr 0.2832518604758698 Co 0.24931002438612232 V 
Atom 14 weights: 0.23049008122247758 Ni 0.25513913619372963 Cr 0.3192192031026192 Co 0.1951515794811735 V 
Atom 15 weights: 0.2865264885751084 Ni 0.2797705911427422 Cr 0.23928817220037768 Co 0.19441474808177178 V 
Atom 16 weights: 0.2529594809084227 Ni 0.2869351506316231 Cr 0.23006844233017554 Co 0.23003692612977877 V 
HEA binding free energy: 1.6339823591137264 eV, Target: 1.6 eV
Entropy: 21.410606720810833

Iteration 7, eta = 0.1
Atom 1 weights: 0.5654076201196477 Ni 5.551115123125783e-17 Cr 0.43459237988035215 Co 5.551115123125783e-17 V 
Atom 2 weights: 0.22191863190827021 Ni 0.23303491161615664 Cr 0.22497450515721135 Co 0.3200719513183618 V 
Atom 3 weights: 0.24378808082617726 Ni 0.22536459817483398 Cr 0.24655710426291091 Co 0.2842902167360779 V 
Atom 4 weights: 0.28365963556229795 Ni 0.23991469717374295 Cr 0.2081066057811703 Co 0.26831906148278883 V 
Atom 5 weights: 0.21460373144735972 Ni 0.22306720261798824 Cr 0.3175986055042738 Co 0.24473046043037824 V 
Atom 6 weights: 0.2048738456232462 Ni 0.26647968111016973 Cr 0.26578126907218647 Co 0.26286520419439763 V 
Atom 7 weights: 0.2612772820040803 Ni 0.2900495120386749 Cr 0.1923027676950128 Co 0.25637043826223205 V 
Atom 8 weights: 0.23022494186754136 Ni 0.3124443087500595 Cr 0.22861567193753196 Co 0.22871507744486727 V 
Atom 9 weights: 0.2645157884171213 Ni 0.27860857020879726 Cr 0.2217928699733387 Co 0.23508277140074288 V 
Atom 10 weights: 0.2329460977591684 Ni 0.23978791695605456 Cr 0.2680685064079555 Co 0.2591974788768215 V 
Atom 11 weights: 0.21092990570430273 Ni 0.2547100828662727 Cr 0.2763429574259746 Co 0.25801705400345 V 
Atom 12 weights: 0.22750648379730082 Ni 0.26293398570321996 Cr 0.2932389462740114 Co 0.2163205842254678 V 
Atom 13 weights: 0.22124053427641877 Ni 0.2458627012021413 Cr 0.2837089531903443 Co 0.24918781133109566 V 
Atom 14 weights: 0.22999849392322508 Ni 0.2551530805346361 Cr 0.3198321070925613 Co 0.19501631844957742 V 
Atom 15 weights: 0.2867132306502219 Ni 0.2800821613248209 Cr 0.23891714609623826 Co 0.1942874619287189 V 
Atom 16 weights: 0.25287638039206295 Ni 0.28736341238286295 Cr 0.22971337501196004 Co 0.23004683221311423 V 
HEA binding free energy: 1.5719100512143171 eV, Target: 1.6 eV
Entropy: 21.363580573415867

Iteration 8, eta = 0.1
Atom 1 weights: 0.5654373082874713 Ni 1.1827350550322648e-16 Cr 0.4345626917125284 Co 1.1827350550322648e-16 V 
Atom 2 weights: 0.22192814171625536 Ni 0.23303039717979465 Cr 0.22498520682841652 Co 0.3200562542755335 V 
Atom 3 weights: 0.24380711475329417 Ni 0.22535299146754237 Cr 0.24657779259624793 Co 0.28426210118291556 V 
Atom 4 weights: 0.2836802586166648 Ni 0.2399049212473416 Cr 0.20806864646206127 Co 0.2683461736739323 V 
Atom 5 weights: 0.21459760629887562 Ni 0.22305154969887567 Cr 0.3176719923886066 Co 0.24467885161364214 V 
Atom 6 weights: 0.20482569353362362 Ni 0.2664901769898984 Cr 0.26578158908161115 Co 0.2629025403948668 V 
Atom 7 weights: 0.26127097462977633 Ni 0.2900777977607589 Cr 0.19224366891082686 Co 0.25640755869863796 V 
Atom 8 weights: 0.23018709602298018 Ni 0.31248824008470316 Cr 0.22857813674434066 Co 0.22874652714797586 V 
Atom 9 weights: 0.2645028752157115 Ni 0.2786282813447532 Cr 0.22174913619092945 Co 0.23511970724860598 V 
Atom 10 weights: 0.23289018978680054 Ni 0.23977076591818894 Cr 0.2680425141557335 Co 0.259296530139277 V 
Atom 11 weights: 0.21086328460181078 Ni 0.254705540617681 Cr 0.2763293850167374 Co 0.2581017897637708 V 
Atom 12 weights: 0.2275174509145876 Ni 0.2629506573841093 Cr 0.29329960016117096 Co 0.21623229154013213 V 
Atom 13 weights: 0.22121273120681914 Ni 0.24585868396954544 Cr 0.2837303949332274 Co 0.24919818989040804 V 
Atom 14 weights: 0.2299851147690604 Ni 0.25515774415733616 Cr 0.3198889194488963 Co 0.19496822162470723 V 
Atom 15 weights: 0.28673938625029394 Ni 0.2801053513985281 Cr 0.23890639089565008 Co 0.194248871455528 V 
Atom 16 weights: 0.2528535315573466 Ni 0.2873877692080574 Cr 0.22967439751468752 Co 0.2300843017199086 V 
HEA binding free energy: 1.6238230144715442 eV, Target: 1.6 eV
Entropy: 21.36340367597318

Iteration 9, eta = 0.1
Atom 1 weights: 0.5654589944388221 Ni 8.809653788151049e-17 Cr 0.4345410055611777 Co 8.809653788151049e-17 V 
Atom 2 weights: 0.2219369447245505 Ni 0.23302828353537938 Cr 0.22499465576039798 Co 0.32004011597967214 V 
Atom 3 weights: 0.2438118391436866 Ni 0.2253440606573476 Cr 0.24658410975193 Co 0.28425999044703587 V 
Atom 4 weights: 0.28370372943131517 Ni 0.23990154604571598 Cr 0.2080537741986275 Co 0.26834095032434135 V 
Atom 5 weights: 0.21457330135085662 Ni 0.22303675768629516 Cr 0.3177001516738563 Co 0.24468978928899193 V 
Atom 6 weights: 0.20480215181712091 Ni 0.26649790206105406 Cr 0.26578874886320436 Co 0.2629111972586208 V 
Atom 7 weights: 0.26127723305759404 Ni 0.29009772790377253 Cr 0.19221493416545363 Co 0.25641010487317967 V 
Atom 8 weights: 0.23017418135052936 Ni 0.31251905813182346 Cr 0.2285646490328514 Co 0.2287421114847957 V 
Atom 9 weights: 0.2644971326507461 Ni 0.2786393706957399 Cr 0.22172247625423128 Co 0.23514102039928278 V 
Atom 10 weights: 0.23286553158634016 Ni 0.2397625103885088 Cr 0.26803671709965576 Co 0.25933524092549526 V 
Atom 11 weights: 0.2108339047523435 Ni 0.25470589614195455 Cr 0.2763336910761592 Co 0.25812650802954273 V 
Atom 12 weights: 0.2275055885251111 Ni 0.26295667124865313 Cr 0.29332082801888804 Co 0.2162169122073477 V 
Atom 13 weights: 0.2212062765972183 Ni 0.2458582410733204 Cr 0.2837549822676659 Co 0.24918050006179537 V 
Atom 14 weights: 0.229972928027882 Ni 0.25516006009616543 Cr 0.31992231070633403 Co 0.19494470116961854 V 
Atom 15 weights: 0.28675654731988515 Ni 0.28012036691021514 Cr 0.23889954900688953 Co 0.19422353676301024 V 
Atom 16 weights: 0.2528653944427772 Ni 0.28740889160925925 Cr 0.2296738755749319 Co 0.2300518383730317 V 
HEA binding free energy: 1.6204707006962549 eV, Target: 1.6 eV
Entropy: 21.363304700667097

Iteration 10, eta = 0.1
Atom 1 weights: 0.5654602976261178 Ni 8.753462378474124e-17 Cr 0.43453970237388195 Co 8.753462378474124e-17 V 
Atom 2 weights: 0.22193683051218815 Ni 0.2330280278220873 Cr 0.22499461645154317 Co 0.3200405252141814 V 
Atom 3 weights: 0.24381204323719613 Ni 0.22534351904246 Cr 0.24658440012911115 Co 0.2842600375912328 V 
Atom 4 weights: 0.2837051768571992 Ni 0.23990139000009952 Cr 0.2080530552582656 Co 0.2683403778844357 V 
Atom 5 weights: 0.2145723584917786 Ni 0.2230360191310917 Cr 0.3177021391636705 Co 0.24468948321345926 V 
Atom 6 weights: 0.20480099601563523 Ni 0.2664983920703974 Cr 0.26578931517709875 Co 0.26291129673686875 V 
Atom 7 weights: 0.261277522975201 Ni 0.2900988589282293 Cr 0.19221326612378414 Co 0.2564103519727855 V 
Atom 8 weights: 0.23017384812006184 Ni 0.3125208904971096 Cr 0.22856425919191783 Co 0.2287410021909107 V 
Atom 9 weights: 0.26449753535031023 Ni 0.27864015245003226 Cr 0.2217216542176402 Co 0.2351406579820171 V 
Atom 10 weights: 0.2328646769933666 Ni 0.23976215519233315 Cr 0.2680368891741764 Co 0.2593362786401238 V 
Atom 11 weights: 0.2108325447433562 Ni 0.254705985600998 Cr 0.27633421015300524 Co 0.25812725950264054 V 
Atom 12 weights: 0.22750479944914345 Ni 0.2629570058631067 Cr 0.2933219167746955 Co 0.21621627791305434 V 
Atom 13 weights: 0.22120533218536104 Ni 0.24585810860890664 Cr 0.2837558266045871 Co 0.24918073260114534 V 
Atom 14 weights: 0.22997199465812473 Ni 0.2551601429259492 Cr 0.3199239594481245 Co 0.19494390296780154 V 
Atom 15 weights: 0.286757239762501 Ni 0.2801211597331365 Cr 0.23889891041238226 Co 0.1942226900919803 V 
Atom 16 weights: 0.2528653346993495 Ni 0.28740993814782645 Cr 0.22967317197714374 Co 0.23005155517568038 V 
HEA binding free energy: 1.6101779970844534 eV, Target: 1.6 eV
Entropy: 21.363299092054206

Iteration 11, eta = 0.1
Atom 1 weights: 0.6419892078844569 Ni 0.0 Cr 0.35801079211554304 Co 0.0 V 
Atom 2 weights: 0.21450455551693604 Ni 0.21803032648206733 Cr 0.22191691776528474 Co 0.34554820023571187 V 
Atom 3 weights: 0.2545552951904805 Ni 0.1937712431374589 Cr 0.2623477954268494 Co 0.2893256662452113 V 
Atom 4 weights: 0.36756170412655953 Ni 0.2309837221620555 Cr 0.16677229136244776 Co 0.23468228234893723 V 
Atom 5 weights: 0.15916100793174948 Ni 0.18015602878917739 Cr 0.431577668768897 Co 0.22910529451017617 V 
Atom 6 weights: 0.1378017873517635 Ni 0.2947351988827305 Cr 0.29826825998054995 Co 0.26919475378495605 V 
Atom 7 weights: 0.2781255524009941 Ni 0.35543621568171146 Cr 0.09597846725886748 Co 0.270459764658427 V 
Atom 8 weights: 0.21048934682374398 Ni 0.41823424367638357 Cr 0.20563435635924276 Co 0.16564205314062966 V 
Atom 9 weights: 0.28762795894935317 Ni 0.3237742459735643 Cr 0.17414195385774459 Co 0.21445584121933792 V 
Atom 10 weights: 0.18387647928791567 Ni 0.21928034477643882 Cr 0.27830539872613513 Co 0.3185377772095105 V 
Atom 11 weights: 0.13260062055530325 Ni 0.25988881555702326 Cr 0.30659147851485036 Co 0.3009190853728231 V 
Atom 12 weights: 0.18195858471084092 Ni 0.28227057252425397 Cr 0.35622481954926766 Co 0.17954602321563745 V 
Atom 13 weights: 0.1662574228436685 Ni 0.2381435120418498 Cr 0.33214913570286786 Co 0.26344992941161394 V 
Atom 14 weights: 0.17615354195453503 Ni 0.25998536719255766 Cr 0.41523301971114884 Co 0.1486280711417585 V 
Atom 15 weights: 0.326837359153792 Ni 0.3259549129973088 Cr 0.20210863919706545 Co 0.14509908865183369 V 
Atom 16 weights: 0.2493040406269798 Ni 0.34785217977170163 Cr 0.18894536144481744 Co 0.21389841815650118 V 
HEA binding free energy: 1.6618412574651336 eV, Target: 1.6 eV
Entropy: 20.76598544177891

Iteration 12, eta = 0.1
Atom 1 weights: 0.7199894869881366 Ni 0.0 Cr 0.2800105130118634 Co 0.0 V 
Atom 2 weights: 0.20682257042969796 Ni 0.20271883036315005 Cr 0.21869873026681397 Co 0.37175986894033797 V 
Atom 3 weights: 0.26554695980720855 Ni 0.16154889577388168 Cr 0.27847352897807565 Co 0.29443061544083426 V 
Atom 4 weights: 0.4531842604917015 Ni 0.22188018801749898 Cr 0.12458609198368027 Co 0.20034945950711908 V 
Atom 5 weights: 0.10244511397799916 Ni 0.13634800314228365 Cr 0.5477807662678187 Co 0.21342611661189853 V 
Atom 6 weights: 0.06936169246933156 Ni 0.32356921267167876 Cr 0.33143336278178714 Co 0.2756357320772026 V 
Atom 7 weights: 0.2944819453387185 Ni 0.4213580339244984 Cr 0.0 Co 0.2841600207367832 V 
Atom 8 weights: 0.1903784622865412 Ni 0.526203645325154 Cr 0.18221059611329238 Co 0.10120729627501247 V 
Atom 9 weights: 0.31131830510559794 Ni 0.3698899129819024 Cr 0.12560558276263314 Co 0.19318619914986657 V 
Atom 10 weights: 0.13391654149883062 Ni 0.19837501276855155 Cr 0.28886478886760336 Co 0.37884365686501437 V 
Atom 11 weights: 0.05270788683330871 Ni 0.2651877781096277 Cr 0.3375082094336891 Co 0.34459612562337444 V 
Atom 12 weights: 0.13529606147897075 Ni 0.30197707420703807 Cr 0.4203430242993814 Co 0.14238384001460982 V 
Atom 13 weights: 0.11018655620469722 Ni 0.2302680319697722 Cr 0.3816242688056617 Co 0.2779211430198689 V 
Atom 14 weights: 0.12116830310075785 Ni 0.2649099877746559 Cr 0.5125659432000993 Co 0.1013557659244869 V 
Atom 15 weights: 0.3677129979936531 Ni 0.3727601558361238 Cr 0.164474044382609 Co 0.09505280178761405 V 
Atom 16 weights: 0.24568342124994513 Ni 0.40959311669483606 Cr 0.14736010731782684 Co 0.19736335473739214 V 
HEA binding free energy: 1.6662394061966441 eV, Target: 1.6 eV
Entropy: 19.48977289714419

Iteration 13, eta = 0.2
Atom 1 weights: 0.7199894869881366 Ni 0.0 Cr 0.2800105130118634 Co 0.0 V 
Atom 2 weights: 0.20682257042969796 Ni 0.20271883036315005 Cr 0.21869873026681397 Co 0.37175986894033797 V 
Atom 3 weights: 0.26554695980720855 Ni 0.16154889577388168 Cr 0.27847352897807565 Co 0.29443061544083426 V 
Atom 4 weights: 0.4531842604917015 Ni 0.22188018801749898 Cr 0.12458609198368027 Co 0.20034945950711908 V 
Atom 5 weights: 0.10244511397799916 Ni 0.13634800314228365 Cr 0.5477807662678187 Co 0.21342611661189853 V 
Atom 6 weights: 0.06936169246933156 Ni 0.32356921267167876 Cr 0.33143336278178714 Co 0.2756357320772026 V 
Atom 7 weights: 0.2944819453387185 Ni 0.4213580339244984 Cr 0.0 Co 0.2841600207367832 V 
Atom 8 weights: 0.1903784622865412 Ni 0.526203645325154 Cr 0.18221059611329238 Co 0.10120729627501247 V 
Atom 9 weights: 0.31131830510559794 Ni 0.3698899129819024 Cr 0.12560558276263314 Co 0.19318619914986657 V 
Atom 10 weights: 0.13391654149883062 Ni 0.19837501276855155 Cr 0.28886478886760336 Co 0.37884365686501437 V 
Atom 11 weights: 0.05270788683330871 Ni 0.2651877781096277 Cr 0.3375082094336891 Co 0.34459612562337444 V 
Atom 12 weights: 0.13529606147897075 Ni 0.30197707420703807 Cr 0.4203430242993814 Co 0.14238384001460982 V 
Atom 13 weights: 0.11018655620469722 Ni 0.2302680319697722 Cr 0.3816242688056617 Co 0.2779211430198689 V 
Atom 14 weights: 0.12116830310075785 Ni 0.2649099877746559 Cr 0.5125659432000993 Co 0.1013557659244869 V 
Atom 15 weights: 0.3677129979936531 Ni 0.3727601558361238 Cr 0.164474044382609 Co 0.09505280178761405 V 
Atom 16 weights: 0.24568342124994513 Ni 0.40959311669483606 Cr 0.14736010731782684 Co 0.19736335473739214 V 
HEA binding free energy: 1.6757276552738238 eV, Target: 1.6 eV
Entropy: 19.48977289714419

Iteration 14, eta = 0.4
Atom 1 weights: 0.7199894869881366 Ni 0.0 Cr 0.2800105130118634 Co 0.0 V 
Atom 2 weights: 0.20682257042969796 Ni 0.20271883036315005 Cr 0.21869873026681397 Co 0.37175986894033797 V 
Atom 3 weights: 0.26554695980720855 Ni 0.16154889577388168 Cr 0.27847352897807565 Co 0.29443061544083426 V 
Atom 4 weights: 0.4531842604917015 Ni 0.22188018801749898 Cr 0.12458609198368027 Co 0.20034945950711908 V 
Atom 5 weights: 0.10244511397799916 Ni 0.13634800314228365 Cr 0.5477807662678187 Co 0.21342611661189853 V 
Atom 6 weights: 0.06936169246933156 Ni 0.32356921267167876 Cr 0.33143336278178714 Co 0.2756357320772026 V 
Atom 7 weights: 0.2944819453387185 Ni 0.4213580339244984 Cr 0.0 Co 0.2841600207367832 V 
Atom 8 weights: 0.1903784622865412 Ni 0.526203645325154 Cr 0.18221059611329238 Co 0.10120729627501247 V 
Atom 9 weights: 0.31131830510559794 Ni 0.3698899129819024 Cr 0.12560558276263314 Co 0.19318619914986657 V 
Atom 10 weights: 0.13391654149883062 Ni 0.19837501276855155 Cr 0.28886478886760336 Co 0.37884365686501437 V 
Atom 11 weights: 0.05270788683330871 Ni 0.2651877781096277 Cr 0.3375082094336891 Co 0.34459612562337444 V 
Atom 12 weights: 0.13529606147897075 Ni 0.30197707420703807 Cr 0.4203430242993814 Co 0.14238384001460982 V 
Atom 13 weights: 0.11018655620469722 Ni 0.2302680319697722 Cr 0.3816242688056617 Co 0.2779211430198689 V 
Atom 14 weights: 0.12116830310075785 Ni 0.2649099877746559 Cr 0.5125659432000993 Co 0.1013557659244869 V 
Atom 15 weights: 0.3677129979936531 Ni 0.3727601558361238 Cr 0.164474044382609 Co 0.09505280178761405 V 
Atom 16 weights: 0.24568342124994513 Ni 0.40959311669483606 Cr 0.14736010731782684 Co 0.19736335473739214 V 
HEA binding free energy: 1.699050904656393 eV, Target: 1.6 eV
Entropy: 19.48977289714419

Iteration 15, eta = 0.4
Atom 1 weights: 0.7310533296636729 Ni 0.0 Cr 0.26894667033632713 Co 0.0 V 
Atom 2 weights: 0.20529060699777268 Ni 0.20047086959595894 Cr 0.21789859689712415 Co 0.37633992650914416 V 
Atom 3 weights: 0.2675652761521141 Ni 0.15684876450707652 Cr 0.28124228251168687 Co 0.29434367682912255 V 
Atom 4 weights: 0.46562981824268534 Ni 0.2204518948234548 Cr 0.11806190659264755 Co 0.19585638034121233 V 
Atom 5 weights: 0.09568525755908332 Ni 0.13010689619271096 Cr 0.5665788863285669 Co 0.20762895991963878 V 
Atom 6 weights: 0.05872579263115393 Ni 0.32776172339579507 Cr 0.3359143626569112 Co 0.2775981213161398 V 
Atom 7 weights: 0.2918935031930654 Ni 0.42628110497955046 Cr 5.551115123125783e-17 Co 0.28182539182738414 V 
Atom 8 weights: 0.18772141576841897 Ni 0.5423685155900453 Cr 0.1790407338090211 Co 0.09086933483251464 V 
Atom 9 weights: 0.3149495016494462 Ni 0.3767996213970391 Cr 0.11852093178359863 Co 0.18972994516991606 V 
Atom 10 weights: 0.12703513872140798 Ni 0.1953971952887968 Cr 0.29093924950918215 Co 0.38662841648061314 V 
Atom 11 weights: 0.041145547875140194 Ni 0.2660535926551627 Cr 0.3423824995404635 Co 0.35041835992923354 V 
Atom 12 weights: 0.1286490364938307 Ni 0.3049676546804829 Cr 0.4301253131142616 Co 0.13625799571142477 V 
Atom 13 weights: 0.10061330887412233 Ni 0.22886616583263344 Cr 0.38781120944320874 Co 0.28270931585003545 V 
Atom 14 weights: 0.11279194199204799 Ni 0.26558628188574357 Cr 0.5268150311214393 Co 0.094806745000769 V 
Atom 15 weights: 0.3734441637415822 Ni 0.37961053961730085 Cr 0.15857366078412682 Co 0.0883716358569901 V 
Atom 16 weights: 0.2439329459464784 Ni 0.41845805066150366 Cr 0.140062141729784 Co 0.19754686166223384 V 
HEA binding free energy: 1.7000313825736284 eV, Target: 1.6 eV
Entropy: 19.278786889718504

Iteration 16, eta = 0.4
Atom 1 weights: 0.8452171286859892 Ni 0.0 Cr 0.15478287131401092 Co 0.0 V 
Atom 2 weights: 0.16823814430098064 Ni 0.17382301276062256 Cr 0.19008079223199043 Co 0.46785805070640635 V 
Atom 3 weights: 0.2707052759137962 Ni 0.10578689801061766 Cr 0.2935174668325806 Co 0.32999035924300557 V 
Atom 4 weights: 0.5779913712986079 Ni 0.20315649747196698 Cr 0.035757765645231296 Co 0.18309436558419384 V 
Atom 5 weights: 0.021083252257111232 Ni 0.06484195250171228 Cr 0.7562798721606541 Co 0.15779492308052231 V 
Atom 6 weights: 0.0 Ni 0.3500926198775672 Cr 0.3562451850932016 Co 0.29366219502923124 V 
Atom 7 weights: 0.25672673553319025 Ni 0.47352737135065365 Cr 1.1102230246251565e-16 Co 0.26974589311615615 V 
Atom 8 weights: 0.1527026790542375 Ni 0.7073240962098745 Cr 0.13931102669444279 Co 0.0006621980414451417 V 
Atom 9 weights: 0.35755162391491324 Ni 0.449277168244001 Cr 0.05008352528849454 Co 0.14308768255259127 V 
Atom 10 weights: 0.06069215163419785 Ni 0.16541373232120185 Cr 0.31672081601322055 Co 0.4571733000313798 V 
Atom 11 weights: 8.326672684688674e-17 Ni 0.2507216595643704 Cr 0.3710386318866773 Co 0.3782397085489523 V 
Atom 12 weights: 0.06703641700451037 Ni 0.33717037183255216 Cr 0.5376749068868221 Co 0.05811830427611543 V 
Atom 13 weights: 0.019783344232239722 Ni 0.21752457336133207 Cr 0.46835991478348443 Co 0.29433216762294373 V 
Atom 14 weights: 0.03955955516764094 Ni 0.2742571462398578 Cr 0.6861832985925014 Co 0.0 V 
Atom 15 weights: 0.44317677510650977 Ni 0.4497523634549389 Cr 0.10707086143855132 Co 0.0 V 
Atom 16 weights: 0.24255248822118794 Ni 0.5137479312457913 Cr 0.08006929217396737 Co 0.1636302883590533 V 
HEA binding free energy: 1.7535647889963735 eV, Target: 1.6 eV
Entropy: 16.300933850513672

Iteration 17, eta = 0.4
Atom 1 weights: 0.91782969986938 Ni 1.6653345369377348e-16 Cr 0.06731497994653855 Co 0.014855320184081255 V 
Atom 2 weights: 0.13561089082612196 Ni 0.15422336981878357 Cr 0.16467802103371276 Co 0.5454877183213818 V 
Atom 3 weights: 0.2634537865263239 Ni 0.0683332125335317 Cr 0.29359042076494724 Co 0.3746225801751971 V 
Atom 4 weights: 0.6468021302738788 Ni 0.18170911321066147 Cr 0.0 Co 0.17148875651545967 V 
Atom 5 weights: 1.1102230246251565e-16 Ni 0.008192694154928577 Cr 0.8830634473445385 Co 0.10874385850053286 V 
Atom 6 weights: 0.0 Ni 0.3528194404216002 Cr 0.35859531688344604 Co 0.2885852426949539 V 
Atom 7 weights: 0.2330260872484527 Ni 0.5078553819695755 Cr 0.0 Co 0.25911853078197183 V 
Atom 8 weights: 0.10627635602372028 Ni 0.8041536246087866 Cr 0.08957001936749313 Co 2.7755575615628914e-17 V 
Atom 9 weights: 0.3893681738582948 Ni 0.5015952429014121 Cr 0.0024119031465126076 Co 0.10662468009378041 V 
Atom 10 weights: 0.01638353988266194 Ni 0.14451234457494572 Cr 0.33805802962495834 Co 0.501046085917434 V 
Atom 11 weights: 2.7755575615628914e-17 Ni 0.2318888415354367 Cr 0.38631923781312294 Co 0.3817919206514403 V 
Atom 12 weights: 0.022241395395394145 Ni 0.36020559827356324 Cr 0.6139418156447498 Co 0.003611190686292745 V 
Atom 13 weights: 5.551115123125783e-17 Ni 0.19833978291807702 Cr 0.5174872697810837 Co 0.2841729473008392 V 
Atom 14 weights: 0.0 Ni 0.23960777277570766 Cr 0.7603922272242924 Co 0.0 V 
Atom 15 weights: 0.4723794757144335 Ni 0.47814621955732783 Cr 0.049474304728238654 Co 0.0 V 
Atom 16 weights: 0.24605169400690705 Ni 0.5832143252287294 Cr 0.04127149065388332 Co 0.12946249011048022 V 
HEA binding free energy: 1.8123701775241492 eV, Target: 1.6 eV
Entropy: 14.167777680870401

Iteration 18, eta = 0.4
Atom 1 weights: 0.972664345216684 Ni 0.0 Cr 0.0 Co 0.027335654783316014 V 
Atom 2 weights: 0.05976431605536492 Ni 0.12162477121324457 Cr 0.10090647989023203 Co 0.7177044328411586 V 
Atom 3 weights: 0.27997495198990185 Ni 0.022345084928388444 Cr 0.3189697599961824 Co 0.3787102030855272 V 
Atom 4 weights: 0.7082285673066012 Ni 0.12855311849564316 Cr 0.0 Co 0.16321831419775562 V 
Atom 5 weights: 0.0 Ni 0.0 Cr 1.0 Co 0.0 V 
Atom 6 weights: 0.0063457535326173 Ni 0.3587377042608923 Cr 0.36954114558976653 Co 0.26537539661672377 V 
Atom 7 weights: 0.20525116988276618 Ni 0.5575937926716663 Cr 2.7755575615628914e-17 Co 0.23715503744556746 V 
Atom 8 weights: 0.04207898605891597 Ni 0.9372116685926541 Cr 0.0207093453484299 Co 5.551115123125783e-17 V 
Atom 9 weights: 0.41362378457788956 Ni 0.5530830025428802 Cr 0.0 Co 0.03329321287923033 V 
Atom 10 weights: 0.0 Ni 0.1029585679852177 Cr 0.35753972403027057 Co 0.5395017079845117 V 
Atom 11 weights: 2.7755575615628914e-17 Ni 0.20577345206761702 Cr 0.40681597394454205 Co 0.38741057398784096 V 
Atom 12 weights: 0.0 Ni 0.3358534703982838 Cr 0.6641465296017162 Co 0.0 V 
Atom 13 weights: 0.0 Ni 0.16968077736220355 Cr 0.5941530395306288 Co 0.23616618310716758 V 
Atom 14 weights: 0.0 Ni 0.16284398340259004 Cr 0.83715601659741 Co 0.0 V 
Atom 15 weights: 0.4960638238190959 Ni 0.503936176180904 Cr 0.0 Co 0.0 V 
Atom 16 weights: 0.24246563968988238 Ni 0.6744984520284735 Cr 0.0 Co 0.08303590828164416 V 
HEA binding free energy: 1.7420433751292868 eV, Target: 1.6 eV
Entropy: 11.725074226269912

Iteration 19, eta = 0.4
Atom 1 weights: 0.9966021596769541 Ni 1.6653345369377348e-16 Cr 1.6653345369377348e-16 Co 0.0033978403230455374 V 
Atom 2 weights: 0.020811564775880087 Ni 0.10007670449704945 Cr 0.06974696525812511 Co 0.8093647654689453 V 
Atom 3 weights: 0.2786631836510033 Ni 1.3877787807814457e-16 Cr 0.3247698159134119 Co 0.3965670004355847 V 
Atom 4 weights: 0.7704719765064866 Ni 0.09383608044993089 Cr 5.551115123125783e-17 Co 0.13569194304358254 V 
Atom 5 weights: 0.0 Ni 0.0 Cr 1.0 Co 0.0 V 
Atom 6 weights: 0.0 Ni 0.3668167227596376 Cr 0.3814099309325871 Co 0.25177334630777537 V 
Atom 7 weights: 0.18570699686488787 Ni 0.5958502707197584 Cr 0.0 Co 0.21844273241535372 V 
Atom 8 weights: 0.0 Ni 1.0 Cr 0.0 Co 0.0 V 
Atom 9 weights: 0.41856971202895227 Ni 0.5814302879710476 Cr 1.1102230246251565e-16 Co 1.1102230246251565e-16 V 
Atom 10 weights: 0.0 Ni 0.06554365522221559 Cr 0.3644540681800249 Co 0.5700022765977595 V 
Atom 11 weights: 0.0 Ni 0.18657328956236563 Cr 0.4243189774402411 Co 0.3891077329973934 V 
Atom 12 weights: 5.551115123125783e-17 Ni 0.30861031715110654 Cr 0.6913896828488933 Co 5.551115123125783e-17 V 
Atom 13 weights: 0.0 Ni 0.14339954158260418 Cr 0.6421763006758604 Co 0.2144241577415355 V 
Atom 14 weights: 0.0 Ni 0.10546929006001589 Cr 0.8945307099399841 Co 0.0 V 
Atom 15 weights: 0.49420940334779045 Ni 0.5057905966522095 Cr 0.0 Co 0.0 V 
Atom 16 weights: 0.22943296817818187 Ni 0.7340646450081247 Cr 8.326672684688674e-17 Co 0.036502386813693326 V 
HEA binding free energy: 1.8050172262549051 eV, Target: 1.6 eV
Entropy: 10.326466841622832

Iteration 20, eta = 0.4
Atom 1 weights: 1.0 Ni 0.0 Cr 0.0 Co 0.0 V 
Atom 2 weights: 0.0 Ni 0.06763161674977827 Cr 0.036890164135210374 Co 0.8954782191150114 V 
Atom 3 weights: 0.2675441370199521 Ni 0.0 Cr 0.323589243028815 Co 0.40886661995123297 V 
Atom 4 weights: 0.8437924910242709 Ni 0.040037956731130565 Cr 0.0 Co 0.11616955224459855 V 
Atom 5 weights: 8.326672684688674e-17 Ni 8.326672684688674e-17 Cr 0.9999999999999998 Co 8.326672684688674e-17 V 
Atom 6 weights: 2.7755575615628914e-17 Ni 0.3717992411128781 Cr 0.3878878219695735 Co 0.2403129369175484 V 
Atom 7 weights: 0.15452713780191363 Ni 0.64791639056386 Cr 2.7755575615628914e-17 Co 0.19755647163422638 V 
Atom 8 weights: 1.1102230246251565e-16 Ni 0.9999999999999997 Cr 1.1102230246251565e-16 Co 1.1102230246251565e-16 V 
Atom 9 weights: 0.4005855646516007 Ni 0.5994144353483991 Cr 1.1102230246251565e-16 Co 1.1102230246251565e-16 V 
Atom 10 weights: 5.551115123125783e-17 Ni 0.010802175852230214 Cr 0.3694477872079191 Co 0.6197500369398505 V 
Atom 11 weights: 5.551115123125783e-17 Ni 0.15479483950835238 Cr 0.4382029251366108 Co 0.40700223535503677 V 
Atom 12 weights: 2.7755575615628914e-17 Ni 0.27256575700132557 Cr 0.7274342429986743 Co 2.7755575615628914e-17 V 
Atom 13 weights: 0.0 Ni 0.11002081378276825 Cr 0.7196758790582127 Co 0.1703033071590191 V 
Atom 14 weights: 0.0 Ni 0.024849440795878752 Cr 0.9751505592041213 Co 0.0 V 
Atom 15 weights: 0.49598382624383136 Ni 0.5040161737561686 Cr 0.0 Co 0.0 V 
Atom 16 weights: 0.20153255153837318 Ni 0.7984674484616268 Cr 0.0 Co 0.0 V 
HEA binding free energy: 1.7150588675213507 eV, Target: 1.6 eV
Entropy: 9.058086350085144

Iteration 21, eta = 0.4
Atom 1 weights: 0.9921081378966043 Ni 1.3877787807814457e-16 Cr 1.3877787807814457e-16 Co 0.007891862103395398 V 
Atom 2 weights: 5.551115123125783e-17 Ni 5.551115123125783e-17 Cr 5.551115123125783e-17 Co 0.9999999999999999 V 
Atom 3 weights: 0.22994994938335986 Ni 5.551115123125783e-17 Cr 0.30187091518981757 Co 0.46817913542682255 V 
Atom 4 weights: 0.9641298678388525 Ni 0.0 Cr 0.0 Co 0.03587013216114755 V 
Atom 5 weights: 0.0 Ni 0.0 Cr 1.0 Co 0.0 V 
Atom 6 weights: 2.7755575615628914e-17 Ni 0.37435838433294777 Cr 0.3874967215563141 Co 0.23814489411073808 V 
Atom 7 weights: 0.08381291470338548 Ni 0.7121915970577658 Cr 0.0 Co 0.20399548823884867 V 
Atom 8 weights: 0.0 Ni 1.0 Cr 0.0 Co 0.0 V 
Atom 9 weights: 0.37394332433585387 Ni 0.6260566756641462 Cr 0.0 Co 0.0 V 
Atom 10 weights: 5.551115123125783e-17 Ni 5.551115123125783e-17 Cr 0.35301844642138613 Co 0.6469815535786138 V 
Atom 11 weights: 5.551115123125783e-17 Ni 0.11000825555150462 Cr 0.46400378920286606 Co 0.42598795524562927 V 
Atom 12 weights: 0.0 Ni 0.21359220163181053 Cr 0.7864077983681894 Co 0.0 V 
Atom 13 weights: 0.011862697570947335 Ni 0.06886832550906595 Cr 0.8637432450333616 Co 0.055525731886625115 V 
Atom 14 weights: 0.0 Ni 0.0 Cr 1.0 Co 0.0 V 
Atom 15 weights: 0.49779481082248334 Ni 0.5022051891775168 Cr 0.0 Co 0.0 V 
Atom 16 weights: 0.13836976806078882 Ni 0.8616302319392113 Cr 0.0 Co 0.0 V 
HEA binding free energy: 1.7655265941611467 eV, Target: 1.6 eV
Entropy: 7.516869330794562

Iteration 22, eta = 0.4
Atom 1 weights: 0.9956024122269067 Ni 1.3877787807814457e-16 Cr 1.3877787807814457e-16 Co 0.004397587773093041 V 
Atom 2 weights: 0.0 Ni 0.0 Cr 0.0 Co 1.0 V 
Atom 3 weights: 0.20033060553036383 Ni 0.0 Cr 0.28414393385029885 Co 0.5155254606193374 V 
Atom 4 weights: 1.0 Ni 0.0 Cr 0.0 Co 0.0 V 
Atom 5 weights: 0.0 Ni 0.0 Cr 1.0 Co 0.0 V 
Atom 6 weights: 0.0 Ni 0.3767273165244007 Cr 0.388558751960543 Co 0.23471393151505637 V 
Atom 7 weights: 0.03584931201849665 Ni 0.7589727242525356 Cr 5.551115123125783e-17 Co 0.2051779637289677 V 
Atom 8 weights: 0.0 Ni 1.0 Cr 0.0 Co 0.0 V 
Atom 9 weights: 0.35697201053283145 Ni 0.6430279894671687 Cr 0.0 Co 0.0 V 
Atom 10 weights: 0.0 Ni 0.0 Cr 0.33969085227496143 Co 0.6603091477250386 V 
Atom 11 weights: 0.0 Ni 0.08035869872241323 Cr 0.4873335413125621 Co 0.43230775996502474 V 
Atom 12 weights: 0.0 Ni 0.17076656700350074 Cr 0.8292334329964993 Co 0.0 V 
Atom 13 weights: 0.00037866151683963595 Ni 0.03325040173321944 Cr 0.9663709367499409 Co 5.551115123125783e-17 V 
Atom 14 weights: 0.0 Ni 0.0 Cr 1.0 Co 0.0 V 
Atom 15 weights: 0.501982334289485 Ni 0.498017665710515 Cr 0.0 Co 0.0 V 
Atom 16 weights: 0.09382787869301519 Ni 0.9061721213069847 Cr 5.551115123125783e-17 Co 5.551115123125783e-17 V 
HEA binding free energy: 1.7715974972002457 eV, Target: 1.6 eV
Entropy: 6.597022465029734

Iteration 23, eta = 0.4
Atom 1 weights: 0.9999999999999998 Ni 8.326672684688674e-17 Cr 8.326672684688674e-17 Co 8.326672684688674e-17 V 
Atom 2 weights: 0.0 Ni 0.0 Cr 0.0 Co 1.0 V 
Atom 3 weights: 0.17688311989906644 Ni 5.551115123125783e-17 Cr 0.27220322995981405 Co 0.5509136501411196 V 
Atom 4 weights: 1.0 Ni 0.0 Cr 0.0 Co 0.0 V 
Atom 5 weights: 1.1102230246251565e-16 Ni 1.1102230246251565e-16 Cr 0.9999999999999998 Co 1.1102230246251565e-16 V 
Atom 6 weights: 0.0 Ni 0.3794723351905473 Cr 0.3904766585534582 Co 0.23005100625599448 V 
Atom 7 weights: 0.0 Ni 0.8008418304697191 Cr 0.0 Co 0.19915816953028082 V 
Atom 8 weights: 5.551115123125783e-17 Ni 0.9999999999999999 Cr 5.551115123125783e-17 Co 5.551115123125783e-17 V 
Atom 9 weights: 0.33966660714531743 Ni 0.6603333928546826 Cr 0.0 Co 0.0 V 
Atom 10 weights: 5.551115123125783e-17 Ni 5.551115123125783e-17 Cr 0.3260490369728789 Co 0.673950963027121 V 
Atom 11 weights: 2.7755575615628914e-17 Ni 0.04982347666895694 Cr 0.5089110541142414 Co 0.44126546921680154 V 
Atom 12 weights: 2.7755575615628914e-17 Ni 0.12652135237859935 Cr 0.8734786476214006 Co 2.7755575615628914e-17 V 
Atom 13 weights: 0.0 Ni 0.0 Cr 1.0 Co 0.0 V 
Atom 14 weights: 0.0 Ni 0.0 Cr 1.0 Co 0.0 V 
Atom 15 weights: 0.5034358816144369 Ni 0.4965641183855632 Cr 0.0 Co 0.0 V 
Atom 16 weights: 0.046461902165931455 Ni 0.9535380978340685 Cr 0.0 Co 0.0 V 
HEA binding free energy: 1.8190067690095544 eV, Target: 1.6 eV
