   Eewald =     5833.1538885648697033
       EH =     7730.6993350857601399
     Eloc =   -15823.1324778722937481
      Enl =     -555.8516865134436102
   Epulay =       -0.0004876770957056
      Exc =     -253.2248357138932704
       KE =      966.4088804596168529
        U =        1.3527243565131706
-------------------------------------
     Etot =    -2100.5946593099674828
       TS =        0.0013875743018084
-------------------------------------
        F =    -2100.5960468842690716
