   Eewald =     5454.6956658748522386
       EH =     7276.0756666305751423
     Eloc =   -14887.5201002962767234
      Enl =     -552.8539654568819515
   Epulay =       -0.0004765495153388
      Exc =     -247.9926870349751766
       KE =      931.9552026428984846
        U =        0.9471535208700476
-------------------------------------
     Etot =    -2024.6935406684526697
       TS =        0.0009883821717855
-------------------------------------
        F =    -2024.6945290506243964
