   Eewald =     6149.7265381296138003
       EH =     8353.1830283109356969
     Eloc =   -17032.5107460401486605
      Enl =     -753.3934332067624382
   Epulay =        0.0001959371989449
      Exc =     -282.0742645186617779
       KE =     1125.3034430924635672
        U =        0.4527603394669908
-------------------------------------
     Etot =    -2439.3124779558929731
       TS =        0.0000008168943631
-------------------------------------
        F =    -2439.3124787727874718
