   Eewald =     5092.6944850702639087
       EH =     7026.4329352522445333
     Eloc =   -14417.3832615157898545
      Enl =     -578.1990467541859289
   Epulay =       -0.0004910691131946
      Exc =     -255.9243323300560178
       KE =      981.0664532078554885
        U =        1.6345974765150511
-------------------------------------
     Etot =    -2149.6786606622672480
       TS =        0.0011749509592088
-------------------------------------
        F =    -2149.6798356132262597
