   Eewald =     4849.2922300296813773
       EH =     6629.1856589434792113
     Eloc =   -13620.5800619589608687
      Enl =     -503.3666472988013538
   Epulay =       -0.0004847078171675
      Exc =     -243.0337943100888936
       KE =      909.0890665437175358
        U =        1.3558634727822887
-------------------------------------
     Etot =    -1978.0581692860082512
       TS =        0.0006777325706367
-------------------------------------
        F =    -1978.0588470185789447
