Initilizing minimization for species Ni Cr Co V 

Target: 1.6 eV
Performing first surface calculations...
Surface calculations successfully finished.
Initial entropy parameter eta set to 0.05
_____________________________________________________________________
Beginning minimzation


Iteration 1, eta = 0.05
Atom 1 weights: 0.23733347949308453 Ni 0.2574774941074989 Cr 0.2523809023390398 Co 0.25280812406037656 V 
Atom 2 weights: 0.2326685914775551 Ni 0.24587145825058898 Cr 0.2447643067755669 Co 0.27669564349628917 V 
Atom 3 weights: 0.23029012948636238 Ni 0.24656149008166434 Cr 0.2999243367236614 Co 0.22322404370831186 V 
Atom 4 weights: 0.23395255775743848 Ni 0.2576742755897723 Cr 0.2446576308408295 Co 0.26371553581195983 V 
Atom 5 weights: 0.256836284353034 Ni 0.2622888261984131 Cr 0.2587443994957574 Co 0.22213048995279558 V 
Atom 6 weights: 0.27631236658296665 Ni 0.2212330461771083 Cr 0.21002693255928268 Co 0.2924276546806424 V 
Atom 7 weights: 0.26926307900908636 Ni 0.2314620730032291 Cr 0.27825436722908176 Co 0.22102048075860292 V 
Atom 8 weights: 0.22716070640466673 Ni 0.2694543697776561 Cr 0.23586018176502485 Co 0.2675247420526523 V 
Atom 9 weights: 0.2563791399660651 Ni 0.2150466849208248 Cr 0.2586350694316212 Co 0.2699391056814889 V 
Atom 10 weights: 0.2569864828958611 Ni 0.2658456008119012 Cr 0.2465957639708758 Co 0.2305721523213617 V 
Atom 11 weights: 0.2838196277865996 Ni 0.26505864791047223 Cr 0.2357516707474584 Co 0.21537005355546981 V 
Atom 12 weights: 0.2793169089565589 Ni 0.23979883005863661 Cr 0.24054540335756247 Co 0.24033885762724203 V 
Atom 13 weights: 0.2146865468600194 Ni 0.290292537796507 Cr 0.2771079641813496 Co 0.21791295116212406 V 
Atom 14 weights: 0.2142044638441283 Ni 0.26959635010898214 Cr 0.29136521259204906 Co 0.22483397345484046 V 
Atom 15 weights: 0.2645831028465709 Ni 0.26910424051918397 Cr 0.2161919480406217 Co 0.25012070859362345 V 
Atom 16 weights: 0.24329173818631883 Ni 0.2219891973263884 Cr 0.23676044415601855 Co 0.2979586203312743 V 
HEA binding free energy: 0.5104788746289308 eV, Target: 1.6 eV
Entropy: 22.11057451195515

Iteration 2, eta = 0.05
Atom 1 weights: 0.24494090849928213 Ni 0.2550281127072722 Cr 0.2578880636301659 Co 0.2421429151632797 V 
Atom 2 weights: 0.23523980763238375 Ni 0.24625086067054522 Cr 0.24711103000684287 Co 0.2713983016902282 V 
Atom 3 weights: 0.23262419663983974 Ni 0.24687708098675554 Cr 0.3020634061239212 Co 0.21843531624948365 V 
Atom 4 weights: 0.23691749361862746 Ni 0.2582014042277754 Cr 0.24739913774647493 Co 0.2574819644071222 V 
Atom 5 weights: 0.25800098203144006 Ni 0.2625077986100828 Cr 0.2598233380935372 Co 0.21966788126494008 V 
Atom 6 weights: 0.27762213994457824 Ni 0.22149824663884843 Cr 0.21124083237549654 Co 0.2896387810410768 V 
Atom 7 weights: 0.2707315089432272 Ni 0.23175847441245767 Cr 0.279637680524224 Co 0.21787233612009108 V 
Atom 8 weights: 0.22812577807491757 Ni 0.2696671579549878 Cr 0.23676536678235888 Co 0.2654416971877357 V 
Atom 9 weights: 0.25516141123555836 Ni 0.2148690410498472 Cr 0.2575267544261577 Co 0.2724427932884368 V 
Atom 10 weights: 0.25488069385935175 Ni 0.26545919905123183 Cr 0.24464060699101858 Co 0.23501950009839792 V 
Atom 11 weights: 0.2819059702957058 Ni 0.2647024192551416 Cr 0.23396014197739043 Co 0.21943146847176215 V 
Atom 12 weights: 0.27870302813764575 Ni 0.23974706902722595 Cr 0.23999254257050198 Co 0.24155736026462615 V 
Atom 13 weights: 0.2123500678604152 Ni 0.28989172089875714 Cr 0.27497986512155426 Co 0.22277834611927344 V 
Atom 14 weights: 0.21204934229354166 Ni 0.26923110737487355 Cr 0.28940637477188563 Co 0.22931317555969918 V 
Atom 15 weights: 0.26232179671166195 Ni 0.26871188682891783 Cr 0.21409639608582273 Co 0.25486992037359746 V 
Atom 16 weights: 0.2411953190583375 Ni 0.22163517642339847 Cr 0.2348282053542621 Co 0.3023412991640019 V 
HEA binding free energy: 0.6007765473194541 eV, Target: 1.6 eV
Entropy: 22.111469885407956

Iteration 3, eta = 0.05
Atom 1 weights: 0.4963673044280517 Ni 0.0839500404250593 Cr 0.41968265514688896 Co 0.0 V 
Atom 2 weights: 0.3807517255214326 Ni 0.24133142815246636 Cr 0.37791684632610106 Co 0.0 V 
Atom 3 weights: 0.34465590223149173 Ni 0.2517221912768115 Cr 0.40362190649169666 Co 5.551115123125783e-17 V 
Atom 4 weights: 0.38098858376011885 Ni 0.2419609551972284 Cr 0.3770504610426528 Co 0.0 V 
Atom 5 weights: 0.31019259873421534 Ni 0.27271037488205074 Cr 0.3082941181180975 Co 0.10880290826563645 V 
Atom 6 weights: 0.35893086578152766 Ni 0.23831297444460547 Cr 0.28692103724218887 Co 0.11583512253167805 V 
Atom 7 weights: 0.3349915574681711 Ni 0.24490454225857758 Cr 0.3402283741878237 Co 0.07987552608542758 V 
Atom 8 weights: 0.2937528348407008 Ni 0.28450503488580603 Cr 0.2983828949153788 Co 0.12335923535811438 V 
Atom 9 weights: 0.1789043194841966 Ni 0.20214533460119782 Cr 0.187387248399232 Co 0.4315630975153736 V 
Atom 10 weights: 0.1448819580112115 Ni 0.24497253731618507 Cr 0.14247577330368197 Co 0.4676697313689215 V 
Atom 11 weights: 0.17317479987833692 Ni 0.24316478542138126 Cr 0.13194963231977566 Co 0.4517107823805062 V 
Atom 12 weights: 0.23699669410399582 Ni 0.23450654491673398 Cr 0.2019758405531659 Co 0.32652092042610437 V 
Atom 13 weights: 0.0774900163918715 Ni 0.26596002072456065 Cr 0.1516284581167367 Co 0.5049215047668312 V 
Atom 14 weights: 0.08986977978602398 Ni 0.2481168002488672 Cr 0.17792851136697435 Co 0.48408490859813447 V 
Atom 15 weights: 0.14093319854633357 Ni 0.24783501244644388 Cr 0.10182977582274602 Co 0.5094020131844765 V 
Atom 16 weights: 0.12421875283845007 Ni 0.20210616710074428 Cr 0.1270486649418959 Co 0.5466264151189097 V 
HEA binding free energy: 1.522598465255981 eV, Target: 1.6 eV
Entropy: 19.396429568314026

Iteration 4, eta = 0.05
Atom 1 weights: 0.49636730463361045 Ni 0.08395004013039278 Cr 0.41968265523599674 Co 0.0 V 
Atom 2 weights: 0.38075172557531406 Ni 0.24133142805781688 Cr 0.3779168463668691 Co 0.0 V 
Atom 3 weights: 0.34465590226727 Ni 0.25172219120542055 Cr 0.40362190652730934 Co 5.551112408348626e-17 V 
Atom 4 weights: 0.38098858381608464 Ni 0.2419609550977745 Cr 0.37705046108614093 Co 0.0 V 
Atom 5 weights: 0.3101925988068025 Ni 0.2727103748983166 Cr 0.30829411818607505 Co 0.10880290810880586 V 
Atom 6 weights: 0.35893086590031137 Ni 0.2383129744643854 Cr 0.28692103734324337 Co 0.1158351222920599 V 
Atom 7 weights: 0.3349915575484178 Ni 0.24490454227198374 Cr 0.3402283742651782 Co 0.07987552591442021 V 
Atom 8 weights: 0.29375283494274007 Ni 0.28450503491313905 Cr 0.29838289501242465 Co 0.12335923513169628 V 
Atom 9 weights: 0.1789043194437743 Ni 0.20214533458858283 Cr 0.18738724836221 Co 0.4315630976054329 V 
Atom 10 weights: 0.14488195792888264 Ni 0.24497253730280447 Cr 0.1424757732256089 Co 0.467669731542704 V 
Atom 11 weights: 0.17317479979678763 Ni 0.24316478540553127 Cr 0.13194963223570827 Co 0.4517107825619729 V 
Atom 12 weights: 0.23699669406796095 Ni 0.23450654490888273 Cr 0.20197584051439563 Co 0.32652092050876075 V 
Atom 13 weights: 0.07749001623983591 Ni 0.2659600207030504 Cr 0.15162845798619187 Co 0.5049215050709218 V 
Atom 14 weights: 0.08986977963981178 Ni 0.24811680022611074 Cr 0.17792851124432116 Co 0.4840849088897563 V 
Atom 15 weights: 0.14093319840841206 Ni 0.2478350124237532 Cr 0.10182977568753816 Co 0.5094020134802966 V 
Atom 16 weights: 0.12421875270109815 Ni 0.20210616707197263 Cr 0.12704866481374869 Co 0.5466264154131806 V 
HEA binding free energy: 1.52270024957827 eV, Target: 1.6 eV
Entropy: 19.396429564679863

Iteration 5, eta = 0.05
Atom 1 weights: 0.4963850622833441 Ni 0.08392453501253944 Cr 0.4196904027041165 Co 3.707989943783756e-17 V 
Atom 2 weights: 0.38075378627800616 Ni 0.24132764641952512 Cr 0.37791856730246876 Co 0.0 V 
Atom 3 weights: 0.34465214518122966 Ni 0.25171868395783015 Cr 0.40361965997694094 Co 9.510883999299558e-06 V 
Atom 4 weights: 0.38099029225797965 Ni 0.24195766165964355 Cr 0.37705204608237686 Co 4.6621619111043244e-18 V 
Atom 5 weights: 0.31019227584142095 Ni 0.2727104895311346 Cr 0.3082938192726146 Co 0.10880341535482989 V 
Atom 6 weights: 0.35893480008318207 Ni 0.23831300166297975 Cr 0.2869231889258639 Co 0.11582900932797432 V 
Atom 7 weights: 0.33499244832372294 Ni 0.244904188710802 Cr 0.34022944615268075 Co 0.0798739168127943 V 
Atom 8 weights: 0.2937548232506494 Ni 0.28450604157786075 Cr 0.2983848989647073 Co 0.12335423620678257 V 
Atom 9 weights: 0.17890340607713703 Ni 0.2021441666241969 Cr 0.18738640439097864 Co 0.4315660229076874 V 
Atom 10 weights: 0.14487639110195016 Ni 0.24497181680310331 Cr 0.1424703712488074 Co 0.4676814208461391 V 
Atom 11 weights: 0.1731689633805561 Ni 0.24316371992730057 Cr 0.13194306862136465 Co 0.4517242480707787 V 
Atom 12 weights: 0.2369977422846197 Ni 0.23450642296637583 Cr 0.20197598212300674 Co 0.32651985262599775 V 
Atom 13 weights: 0.07748724469915622 Ni 0.26596074513789136 Cr 0.15162733565613307 Co 0.5049246745068193 V 
Atom 14 weights: 0.08986593751314434 Ni 0.2481168379818468 Cr 0.17792676395515938 Co 0.4840904605498495 V 
Atom 15 weights: 0.14093163047506066 Ni 0.24783532905946684 Cr 0.10182727150885872 Co 0.5094057689566138 V 
Atom 16 weights: 0.12421741647905284 Ni 0.20210548631665073 Cr 0.12704731229510466 Co 0.5466297849091918 V 
HEA binding free energy: 1.6029240794887927 eV, Target: 1.6 eV
Entropy: 19.39642380833974

Iteration 6, eta = 0.05
Atom 1 weights: 0.5546326922846063 Ni 2.7755575615628914e-17 Cr 0.44536730771539357 Co 2.7755575615628914e-17 V 
Atom 2 weights: 0.38785393371018545 Ni 0.22830583123869713 Cr 0.3838402350511174 Co 0.0 V 
Atom 3 weights: 0.3326943368469076 Ni 0.24021459021806485 Cr 0.39664715986405513 Co 0.030443913070972484 V 
Atom 4 weights: 0.3869233598634564 Ni 0.23054731254608374 Cr 0.38252932759045977 Co 8.326672684688674e-17 V 
Atom 5 weights: 0.30889144933458357 Ni 0.273049096679703 Cr 0.30708938318955 Co 0.11097007079616347 V 
Atom 6 weights: 0.371646741858239 Ni 0.23831740769828436 Cr 0.29374140876447874 Co 0.09629444167899798 V 
Atom 7 weights: 0.33788772627579733 Ni 0.24370236136513304 Cr 0.34372235627197945 Co 0.07468755608709025 V 
Atom 8 weights: 0.2999289385164057 Ni 0.28774302444592814 Cr 0.30463700245732106 Co 0.10769103458034508 V 
Atom 9 weights: 0.17441893272411646 Ni 0.19797527870346582 Cr 0.18322978703710238 Co 0.4443760015353153 V 
Atom 10 weights: 0.12526106990242117 Ni 0.24234021788775065 Cr 0.12347469892125183 Co 0.5089240132885765 V 
Atom 11 weights: 0.15271077925358684 Ni 0.23940603051001688 Cr 0.1091472876396651 Co 0.4987359025967312 V 
Atom 12 weights: 0.24008388519207985 Ni 0.23403741536924555 Cr 0.2020843326894002 Co 0.3237943667492744 V 
Atom 13 weights: 0.06796136532895719 Ni 0.26828770566581367 Cr 0.14759036066491352 Co 0.5161605683403158 V 
Atom 14 weights: 0.07667944155598383 Ni 0.24813116132690405 Cr 0.1717103539185148 Co 0.5034790431985975 V 
Atom 15 weights: 0.1354151548173535 Ni 0.24880695065255734 Cr 0.09322369781134633 Co 0.5225541967187428 V 
Atom 16 weights: 0.11956449628163456 Ni 0.1998045572601869 Cr 0.12235231988194836 Co 0.5582786265762303 V 
HEA binding free energy: 1.6708131052098822 eV, Target: 1.6 eV
Entropy: 19.002948444566936

Iteration 7, eta = 0.05
Atom 1 weights: 0.5529599317473477 Ni 0.002195354124860725 Cr 0.444577868861291 Co 0.0002668452665005451 V 
Atom 2 weights: 0.38768007744668975 Ni 0.2286223447539626 Cr 0.3836975777993472 Co 4.163336342344337e-16 V 
Atom 3 weights: 0.3330331076701217 Ni 0.24052653293317205 Cr 0.39687342774885326 Co 0.029566931647853158 V 
Atom 4 weights: 0.3867749862243791 Ni 0.23081108315963453 Cr 0.38239144730646213 Co 2.2483309524229098e-05 V 
Atom 5 weights: 0.3089176923013309 Ni 0.2730394075474577 Cr 0.30711338731874743 Co 0.11092951283246394 V 
Atom 6 weights: 0.3712788240097408 Ni 0.23829888354743586 Cr 0.29351177059675876 Co 0.09691052184606463 V 
Atom 7 weights: 0.3378271800416113 Ni 0.24372906828754154 Cr 0.3436472810416483 Co 0.07479647062919878 V 
Atom 8 weights: 0.2997085991950379 Ni 0.2876488453955415 Cr 0.3044191603847309 Co 0.10822339502468978 V 
Atom 9 weights: 0.17458053102205698 Ni 0.19808825109795566 Cr 0.18338259169834253 Co 0.44394862618164477 V 
Atom 10 weights: 0.12571853589500792 Ni 0.2424042390313408 Cr 0.12391759459038068 Co 0.5079596304832705 V 
Atom 11 weights: 0.15322121200028763 Ni 0.23950567794509703 Cr 0.10970927597887746 Co 0.49756383407573795 V 
Atom 12 weights: 0.24008527596674906 Ni 0.23406564166569294 Cr 0.20214950371802737 Co 0.32369957864953064 V 
Atom 13 weights: 0.0682248319133389 Ni 0.2682454680411488 Cr 0.1477265668201685 Co 0.5158031332253438 V 
Atom 14 weights: 0.0769997543806438 Ni 0.24813540848564977 Cr 0.17187138962396586 Co 0.5029934475097406 V 
Atom 15 weights: 0.13555555514959172 Ni 0.2487874180336533 Cr 0.09343343354003615 Co 0.5222235932767187 V 
Atom 16 weights: 0.11968637127552283 Ni 0.19985868611152044 Cr 0.12247401115268867 Co 0.5579809314602681 V 
HEA binding free energy: 1.6276741692053889 eV, Target: 1.6 eV
Entropy: 19.025031177932263

Iteration 8, eta = 0.05
Atom 1 weights: 0.5529599323987381 Ni 0.0021953527869701065 Cr 0.44457786904395025 Co 0.00026684577034155377 V 
Atom 2 weights: 0.3876800775857635 Ni 0.22862234449428492 Cr 0.3836975779199511 Co 4.163333805127871e-16 V 
Atom 3 weights: 0.3330331075649151 Ni 0.24052653278068495 Cr 0.3968734277604292 Co 0.029566931893970857 V 
Atom 4 weights: 0.38677498637601937 Ni 0.2308110828867726 Cr 0.38239144744138565 Co 2.248329582249979e-05 V 
Atom 5 weights: 0.30891769223155935 Ni 0.2730394075461947 Cr 0.30711338725368786 Co 0.11092951296855824 V 
Atom 6 weights: 0.37127882412194996 Ni 0.2382988835056568 Cr 0.2935117705807382 Co 0.09691052179165512 V 
Atom 7 weights: 0.33782718009271806 Ni 0.2437290682534247 Cr 0.34364728110694887 Co 0.07479647054690848 V 
Atom 8 weights: 0.2997085991401601 Ni 0.2876488454238609 Cr 0.3044191603433308 Co 0.10822339509264829 V 
Atom 9 weights: 0.17458053108226398 Ni 0.19808825104524214 Cr 0.1833825917606928 Co 0.443948626111801 V 
Atom 10 weights: 0.1257185354854858 Ni 0.2424042389849785 Cr 0.12391759419306003 Co 0.5079596313364757 V 
Atom 11 weights: 0.15322121163681884 Ni 0.23950567789189145 Cr 0.10970927555584087 Co 0.4975638349154489 V 
Atom 12 weights: 0.24008527620358266 Ni 0.2340656416927803 Cr 0.20214950387537486 Co 0.3236995782282622 V 
Atom 13 weights: 0.068224831779976 Ni 0.2682454681177826 Cr 0.1477265668116749 Co 0.5158031332905665 V 
Atom 14 weights: 0.07699975410879355 Ni 0.2481354084952243 Cr 0.17187138951500588 Co 0.5029934478809763 V 
Atom 15 weights: 0.13555555503812078 Ni 0.24878741805949664 Cr 0.09343343335499828 Co 0.5222235935473842 V 
Atom 16 weights: 0.11968637119088142 Ni 0.19985868606015195 Cr 0.12247401106545187 Co 0.5579809316835148 V 
HEA binding free energy: 1.6136668236517162 eV, Target: 1.6 eV
Entropy: 19.02503117086966

Iteration 9, eta = 0.1
Atom 1 weights: 0.5529599323987381 Ni 0.0021953527869701065 Cr 0.44457786904395025 Co 0.00026684577034155377 V 
Atom 2 weights: 0.3876800775857635 Ni 0.22862234449428492 Cr 0.3836975779199511 Co 4.163333805127871e-16 V 
Atom 3 weights: 0.3330331075649151 Ni 0.24052653278068495 Cr 0.3968734277604292 Co 0.029566931893970857 V 
Atom 4 weights: 0.38677498637601937 Ni 0.2308110828867726 Cr 0.38239144744138565 Co 2.248329582249979e-05 V 
Atom 5 weights: 0.30891769223155935 Ni 0.2730394075461947 Cr 0.30711338725368786 Co 0.11092951296855824 V 
Atom 6 weights: 0.37127882412194996 Ni 0.2382988835056568 Cr 0.2935117705807382 Co 0.09691052179165512 V 
Atom 7 weights: 0.33782718009271806 Ni 0.2437290682534247 Cr 0.34364728110694887 Co 0.07479647054690848 V 
Atom 8 weights: 0.2997085991401601 Ni 0.2876488454238609 Cr 0.3044191603433308 Co 0.10822339509264829 V 
Atom 9 weights: 0.17458053108226398 Ni 0.19808825104524214 Cr 0.1833825917606928 Co 0.443948626111801 V 
Atom 10 weights: 0.1257185354854858 Ni 0.2424042389849785 Cr 0.12391759419306003 Co 0.5079596313364757 V 
Atom 11 weights: 0.15322121163681884 Ni 0.23950567789189145 Cr 0.10970927555584087 Co 0.4975638349154489 V 
Atom 12 weights: 0.24008527620358266 Ni 0.2340656416927803 Cr 0.20214950387537486 Co 0.3236995782282622 V 
Atom 13 weights: 0.068224831779976 Ni 0.2682454681177826 Cr 0.1477265668116749 Co 0.5158031332905665 V 
Atom 14 weights: 0.07699975410879355 Ni 0.2481354084952243 Cr 0.17187138951500588 Co 0.5029934478809763 V 
Atom 15 weights: 0.13555555503812078 Ni 0.24878741805949664 Cr 0.09343343335499828 Co 0.5222235935473842 V 
Atom 16 weights: 0.11968637119088142 Ni 0.19985868606015195 Cr 0.12247401106545187 Co 0.5579809316835148 V 
HEA binding free energy: 1.6622356993040792 eV, Target: 1.6 eV
Entropy: 19.02503117086966

Iteration 10, eta = 0.1
Atom 1 weights: 0.5496899699037296 Ni 0.0013632201181565 Cr 0.44187256562203153 Co 0.00707424435608229 V 
Atom 2 weights: 0.38667965731202575 Ni 0.22792784754104684 Cr 0.3829182565683585 Co 0.0024742385785690353 V 
Atom 3 weights: 0.33088729524249566 Ni 0.239958111267829 Cr 0.3960064866639173 Co 0.033148106825757966 V 
Atom 4 weights: 0.38627273638542653 Ni 0.23008647933029622 Cr 0.38201180008438107 Co 0.0016289841998962942 V 
Atom 5 weights: 0.30863253204161334 Ni 0.27322816296708285 Cr 0.30690876258109717 Co 0.11123054241020658 V 
Atom 6 weights: 0.3726332696601848 Ni 0.2380302386537153 Cr 0.29372270600619477 Co 0.09561378567990515 V 
Atom 7 weights: 0.3388117092030477 Ni 0.24356675227105576 Cr 0.34474992074787303 Co 0.07287161777802353 V 
Atom 8 weights: 0.2991997661682511 Ni 0.2880218043126439 Cr 0.30408985119543736 Co 0.10868857832366774 V 
Atom 9 weights: 0.17523996967783914 Ni 0.19764668427615228 Cr 0.18406192296695031 Co 0.4430514230790582 V 
Atom 10 weights: 0.12482873185865002 Ni 0.24257168928363637 Cr 0.12295241821548852 Co 0.509647160642225 V 
Atom 11 weights: 0.1529453988585755 Ni 0.23965583839519658 Cr 0.10870621978648838 Co 0.4986925429597395 V 
Atom 12 weights: 0.24179194365472595 Ni 0.23414822829526863 Cr 0.20314145995465704 Co 0.3209183680953485 V 
Atom 13 weights: 0.06690373189669226 Ni 0.2688742687325114 Cr 0.14752144474058407 Co 0.5167005546302122 V 
Atom 14 weights: 0.07623476667961211 Ni 0.24849325593194396 Cr 0.1724135522304264 Co 0.5028584251580176 V 
Atom 15 weights: 0.13560112815245412 Ni 0.2491419377437692 Cr 0.09270877447322196 Co 0.5225481596305548 V 
Atom 16 weights: 0.11936243680872034 Ni 0.19944314683627692 Cr 0.12207946825678774 Co 0.5591149480982149 V 
HEA binding free energy: 1.6515550563687071 eV, Target: 1.6 eV
Entropy: 19.076204432085706

Iteration 11, eta = 0.1
Atom 1 weights: 0.5437775675727008 Ni 0.0 Cr 0.43705280631504917 Co 0.019169626112249982 V 
Atom 2 weights: 0.3861522752424123 Ni 0.22608901790825417 Cr 0.38285874070558207 Co 0.004899966143751537 V 
Atom 3 weights: 0.326999924758924 Ni 0.23856164971327748 Cr 0.3958831599489465 Co 0.038555265578851944 V 
Atom 4 weights: 0.3875722577793337 Ni 0.2283108983255315 Cr 0.38349269748762993 Co 0.0006241464075048507 V 
Atom 5 weights: 0.3076912266458074 Ni 0.27380770650997943 Cr 0.30621895308790237 Co 0.11228211375631081 V 
Atom 6 weights: 0.37749961528407044 Ni 0.2373303354194086 Cr 0.2949735069357822 Co 0.09019654236073878 V 
Atom 7 weights: 0.3424037093206239 Ni 0.24317972649327768 Cr 0.34868496179841607 Co 0.06573160238768229 V 
Atom 8 weights: 0.2978480143915457 Ni 0.2892390701150224 Cr 0.30328142343007064 Co 0.1096314920633612 V 
Atom 9 weights: 0.1752918953101174 Ni 0.1958665471407005 Cr 0.18430685817836528 Co 0.4445346993708169 V 
Atom 10 weights: 0.12077273796568638 Ni 0.24270304480939606 Cr 0.11871164860700392 Co 0.5178125686179136 V 
Atom 11 weights: 0.15061002248888017 Ni 0.23971352820799538 Cr 0.10416491007494001 Co 0.5055115392281844 V 
Atom 12 weights: 0.24588238661587966 Ni 0.23416851344638845 Cr 0.2050819229046688 Co 0.314867177033063 V 
Atom 13 weights: 0.061436775442234554 Ni 0.27053312152726633 Cr 0.14564150811733428 Co 0.5223885949131648 V 
Atom 14 weights: 0.07230088592670532 Ni 0.2492908773482806 Cr 0.1726845013606856 Co 0.5057237353643285 V 
Atom 15 weights: 0.13430065314611728 Ni 0.24994458924943921 Cr 0.08910101363870902 Co 0.5266537439657344 V 
Atom 16 weights: 0.11675760016620029 Ni 0.19782633390557086 Cr 0.11937065616759736 Co 0.5660454097606314 V 
HEA binding free energy: 1.6340445421231062 eV, Target: 1.6 eV
Entropy: 19.05158258176

Iteration 12, eta = 0.1
Atom 1 weights: 0.5179478369053305 Ni 1.6653345369377348e-16 Cr 0.4143825018841062 Co 0.06766966121056313 V 
Atom 2 weights: 0.38272766136949765 Ni 0.21760163565244373 Cr 0.3815449569625724 Co 0.01812574601548614 V 
Atom 3 weights: 0.30797871094713586 Ni 0.23193583851772515 Cr 0.39368660570628355 Co 0.06639884482885543 V 
Atom 4 weights: 0.39015780691009483 Ni 0.2200085441265177 Cr 0.3871512076607859 Co 0.002682441302601482 V 
Atom 5 weights: 0.3036203511779928 Ni 0.2763138452038905 Cr 0.3032251915122088 Co 0.11684061210590801 V 
Atom 6 weights: 0.39791395975252364 Ni 0.2339871780136793 Cr 0.2993846244923538 Co 0.06871423774144328 V 
Atom 7 weights: 0.35696706184212207 Ni 0.24118850726621702 Cr 0.36485245918554027 Co 0.036991971706120515 V 
Atom 8 weights: 0.29194314315839587 Ni 0.29460076216689257 Cr 0.2997606792337495 Co 0.1136954154409621 V 
Atom 9 weights: 0.17410065102261274 Ni 0.18768151339653594 Cr 0.18406579226576897 Co 0.4541520433150824 V 
Atom 10 weights: 0.10299085708401397 Ni 0.2432719732094782 Cr 0.10008333569682377 Co 0.5536538340096842 V 
Atom 11 weights: 0.14005504321025963 Ni 0.23986845202040455 Cr 0.0838097989314298 Co 0.536266705837906 V 
Atom 12 weights: 0.2636056379321504 Ni 0.23422070241399934 Cr 0.21328858472615606 Co 0.2888850749276941 V 
Atom 13 weights: 0.040987056684771574 Ni 0.2786353400602193 Cr 0.1408264617501036 Co 0.5395511415049056 V 
Atom 14 weights: 0.05826991437240907 Ni 0.2535383403064907 Cr 0.1770909768917617 Co 0.5111007684293386 V 
Atom 15 weights: 0.13199519665792028 Ni 0.2542181070665071 Cr 0.07628547410261798 Co 0.5375012221729547 V 
Atom 16 weights: 0.10907527787143688 Ni 0.19128458318008335 Cr 0.11091268451963116 Co 0.5887274544288486 V 
HEA binding free energy: 1.5293462374356694 eV, Target: 1.6 eV
Entropy: 18.95198734352834

Iteration 13, eta = 0.1
Atom 1 weights: 0.4841275919829045 Ni 5.551115123125783e-17 Cr 0.38188864983456045 Co 0.13398375818253502 V 
Atom 2 weights: 0.3795445187948328 Ni 0.204643170055536 Cr 0.38144564738565867 Co 0.034366663763972655 V 
Atom 3 weights: 0.2802812279023019 Ni 0.2218530548173022 Cr 0.3919773891181346 Co 0.10588832816226125 V 
Atom 4 weights: 0.3942021971079137 Ni 0.20705272688126458 Cr 0.39283714603522296 Co 0.005907929975598857 V 
Atom 5 weights: 0.300821774959516 Ni 0.280710264976935 Cr 0.30180144154210586 Co 0.11666651852144302 V 
Atom 6 weights: 0.42994073559838397 Ni 0.22881113166255324 Cr 0.30648209236316903 Co 0.03476604037589385 V 
Atom 7 weights: 0.3770970512287787 Ni 0.23545001144507274 Cr 0.3874529373261486 Co 2.7755575615628914e-17 V 
Atom 8 weights: 0.2861860094162597 Ni 0.30347718913737914 Cr 0.29743121537320394 Co 0.11290558607315726 V 
Atom 9 weights: 0.17205431269504076 Ni 0.17482859420525837 Cr 0.1834789069581619 Co 0.469638186141539 V 
Atom 10 weights: 0.0763855945669802 Ni 0.24433252836017944 Cr 0.07209000891575877 Co 0.6071918681570816 V 
Atom 11 weights: 0.12454253884583541 Ni 0.24028224156029585 Cr 0.052997876324771695 Co 0.5821773432690971 V 
Atom 12 weights: 0.29042265784098786 Ni 0.23417669779083833 Cr 0.22536107332067895 Co 0.2500395710474948 V 
Atom 13 weights: 0.007670872296528637 Ni 0.2908502944106758 Cr 0.13192051967456045 Co 0.5695583136182352 V 
Atom 14 weights: 0.036464953037113904 Ni 0.260229088641528 Cr 0.18398745961116905 Co 0.5193184987101889 V 
Atom 15 weights: 0.12776907414382552 Ni 0.2607958183722106 Cr 0.05577246414043268 Co 0.5556626433435312 V 
Atom 16 weights: 0.09428606655912153 Ni 0.18052102053127614 Cr 0.09508958650871357 Co 0.6301033264008888 V 
HEA binding free energy: 1.412954427572308 eV, Target: 1.6 eV
Entropy: 18.477766277808424

Iteration 14, eta = 0.2
Atom 1 weights: 0.4841275919829045 Ni 5.551115123125783e-17 Cr 0.38188864983456045 Co 0.13398375818253502 V 
Atom 2 weights: 0.3795445187948328 Ni 0.204643170055536 Cr 0.38144564738565867 Co 0.034366663763972655 V 
Atom 3 weights: 0.2802812279023019 Ni 0.2218530548173022 Cr 0.3919773891181346 Co 0.10588832816226125 V 
Atom 4 weights: 0.3942021971079137 Ni 0.20705272688126458 Cr 0.39283714603522296 Co 0.005907929975598857 V 
Atom 5 weights: 0.300821774959516 Ni 0.280710264976935 Cr 0.30180144154210586 Co 0.11666651852144302 V 
Atom 6 weights: 0.42994073559838397 Ni 0.22881113166255324 Cr 0.30648209236316903 Co 0.03476604037589385 V 
Atom 7 weights: 0.3770970512287787 Ni 0.23545001144507274 Cr 0.3874529373261486 Co 2.7755575615628914e-17 V 
Atom 8 weights: 0.2861860094162597 Ni 0.30347718913737914 Cr 0.29743121537320394 Co 0.11290558607315726 V 
Atom 9 weights: 0.17205431269504076 Ni 0.17482859420525837 Cr 0.1834789069581619 Co 0.469638186141539 V 
Atom 10 weights: 0.0763855945669802 Ni 0.24433252836017944 Cr 0.07209000891575877 Co 0.6071918681570816 V 
Atom 11 weights: 0.12454253884583541 Ni 0.24028224156029585 Cr 0.052997876324771695 Co 0.5821773432690971 V 
Atom 12 weights: 0.29042265784098786 Ni 0.23417669779083833 Cr 0.22536107332067895 Co 0.2500395710474948 V 
Atom 13 weights: 0.007670872296528637 Ni 0.2908502944106758 Cr 0.13192051967456045 Co 0.5695583136182352 V 
Atom 14 weights: 0.036464953037113904 Ni 0.260229088641528 Cr 0.18398745961116905 Co 0.5193184987101889 V 
Atom 15 weights: 0.12776907414382552 Ni 0.2607958183722106 Cr 0.05577246414043268 Co 0.5556626433435312 V 
Atom 16 weights: 0.09428606655912153 Ni 0.18052102053127614 Cr 0.09508958650871357 Co 0.6301033264008888 V 
HEA binding free energy: 1.3790798625431853 eV, Target: 1.6 eV
Entropy: 18.477766277808424

Iteration 15, eta = 0.2
Atom 1 weights: 0.4890402621507712 Ni 0.0 Cr 0.3844503123243043 Co 0.12650942552492456 V 
Atom 2 weights: 0.3830685652945785 Ni 0.2047760157171709 Cr 0.3847582565764595 Co 0.027397162411791118 V 
Atom 3 weights: 0.2837646955578068 Ni 0.22220592512454312 Cr 0.39582593369633073 Co 0.09820344562131934 V 
Atom 4 weights: 0.3979768482373336 Ni 0.20575593141589793 Cr 0.3962672203467686 Co 0.0 V 
Atom 5 weights: 0.3025224087255869 Ni 0.2810593053972903 Cr 0.3033902552611742 Co 0.11302803061594859 V 
Atom 6 weights: 0.4312310303215106 Ni 0.22863984734790155 Cr 0.307031341129801 Co 0.0330977812007868 V 
Atom 7 weights: 0.3773561944586212 Ni 0.23488713904238162 Cr 0.38775666649899715 Co 0.0 V 
Atom 8 weights: 0.28759781078227764 Ni 0.30391650229415446 Cr 0.2988009329769067 Co 0.10968475394666125 V 
Atom 9 weights: 0.1732750016509566 Ni 0.17485192837040783 Cr 0.18468542389115616 Co 0.46718764608747937 V 
Atom 10 weights: 0.07414525435836875 Ni 0.24396992727185565 Cr 0.0698900404846384 Co 0.6119947778851372 V 
Atom 11 weights: 0.12387243609386499 Ni 0.2402669141025449 Cr 0.05192275092420413 Co 0.5839378988793861 V 
Atom 12 weights: 0.2913117940345419 Ni 0.23431441299168254 Cr 0.22586820935828986 Co 0.24850558361548578 V 
Atom 13 weights: 0.003490638531470261 Ni 0.29043725930327835 Cr 0.1286439926611975 Co 0.5774281095040539 V 
Atom 14 weights: 0.032254003268494605 Ni 0.25965694464753797 Cr 0.1808344975261529 Co 0.5272545545578146 V 
Atom 15 weights: 0.12403958383735765 Ni 0.26021309902291145 Cr 0.05184740604905827 Co 0.5638999110906726 V 
Atom 16 weights: 0.09015512940033363 Ni 0.17953568710125145 Cr 0.09120114727215718 Co 0.6391080362262578 V 
HEA binding free energy: 1.3909971251033175 eV, Target: 1.6 eV
Entropy: 18.31663503085222

Iteration 16, eta = 0.2
Atom 1 weights: 0.509791798351418 Ni 2.220446049250313e-16 Cr 0.3970862604273336 Co 0.0931219412212483 V 
Atom 2 weights: 0.3903475403182455 Ni 0.20449339146967882 Cr 0.39167656962204045 Co 0.013482498590035275 V 
Atom 3 weights: 0.29184947590059895 Ni 0.22267966335325995 Cr 0.4054568465029238 Co 0.08001401424321725 V 
Atom 4 weights: 0.40143140481083717 Ni 0.19935987208985947 Cr 0.39920872309930333 Co 0.0 V 
Atom 5 weights: 0.3082364563701907 Ni 0.2824131991268767 Cr 0.3087551544777095 Co 0.10059519002522305 V 
Atom 6 weights: 0.434322338020857 Ni 0.2280487191359128 Cr 0.3076943203559535 Co 0.029934622487276796 V 
Atom 7 weights: 0.3777652682378607 Ni 0.23340739258935211 Cr 0.3884218720944126 Co 0.0004054670783745936 V 
Atom 8 weights: 0.29283151041100225 Ni 0.3057172968121369 Cr 0.3039011058506998 Co 0.09755008692616121 V 
Atom 9 weights: 0.17329141160065142 Ni 0.17382610955998684 Cr 0.18485892078546662 Co 0.4680235580538951 V 
Atom 10 weights: 0.06876616778495007 Ni 0.24337421314907415 Cr 0.06454982342175929 Co 0.6233097956442164 V 
Atom 11 weights: 0.12090017037770971 Ni 0.2400372071291938 Cr 0.047601821985934205 Co 0.5914608005071622 V 
Atom 12 weights: 0.2915518703334081 Ni 0.23410604553748968 Cr 0.22494338630750338 Co 0.24939869782159885 V 
Atom 13 weights: 0.0 Ni 0.2873214348285806 Cr 0.11813610979518382 Co 0.5945424553762355 V 
Atom 14 weights: 0.021592032988141375 Ni 0.2584800199103068 Cr 0.17354026316526885 Co 0.546387683936283 V 
Atom 15 weights: 0.11517670558960534 Ni 0.25902771335451774 Cr 0.042016885029309975 Co 0.583778696026567 V 
Atom 16 weights: 0.07968498675030715 Ni 0.17674880472970717 Cr 0.08126574329578867 Co 0.662300465224197 V 
HEA binding free energy: 1.551576880612838 eV, Target: 1.6 eV
Entropy: 17.96126314438058

Iteration 17, eta = 0.2
Atom 1 weights: 0.5672395575429757 Ni 0.0 Cr 0.428011372774069 Co 0.004749069682955326 V 
Atom 2 weights: 0.4127162294342087 Ni 0.1766430247185341 Cr 0.4106407458472572 Co 0.0 V 
Atom 3 weights: 0.3212241015819015 Ni 0.2244871630680709 Cr 0.4405067539011337 Co 0.013781981448893907 V 
Atom 4 weights: 0.4144623786597661 Ni 0.17533420578656342 Cr 0.41020341555367046 Co 5.551115123125783e-17 V 
Atom 5 weights: 0.3358189722783099 Ni 0.28880550239555924 Cr 0.3346054259996105 Co 0.04077009932652036 V 
Atom 6 weights: 0.4484479362550681 Ni 0.22647301593833588 Cr 0.31277143201831265 Co 0.012307615788283429 V 
Atom 7 weights: 0.38066194404603587 Ni 0.22726038429561907 Cr 0.39207767165834495 Co 0.0 V 
Atom 8 weights: 0.31914902489359204 Ni 0.3139092231576238 Cr 0.32924291460090555 Co 0.03769883734787857 V 
Atom 9 weights: 0.17774368844304142 Ni 0.17110809480884112 Cr 0.18966452601144054 Co 0.46148369073667694 V 
Atom 10 weights: 0.052584996177922505 Ni 0.24197904247519703 Cr 0.04828093855326902 Co 0.6571550227936115 V 
Atom 11 weights: 0.11421301563832915 Ni 0.2400968691076746 Cr 0.035721615256288725 Co 0.6099684999977075 V 
Atom 12 weights: 0.2941149331934141 Ni 0.23372938249863337 Cr 0.2231648677759178 Co 0.24899081653203484 V 
Atom 13 weights: 0.0 Ni 0.2665069859877617 Cr 0.06422020529192629 Co 0.669272808720312 V 
Atom 14 weights: 0.0 Ni 0.24321938979952273 Cr 0.12963420131258382 Co 0.6271464088878935 V 
Atom 15 weights: 0.07427074265976469 Ni 0.25232535872780015 Cr 5.551115123125783e-17 Co 0.6734038986124351 V 
Atom 16 weights: 0.0324746460031732 Ni 0.1646016976794964 Cr 0.03659398891839841 Co 0.7663296673989319 V 
HEA binding free energy: 1.6722125393692124 eV, Target: 1.6 eV
Entropy: 16.360165821293673

Iteration 18, eta = 0.2
Atom 1 weights: 0.5716274147479046 Ni 5.551115123125783e-17 Cr 0.4283725852520953 Co 5.551115123125783e-17 V 
Atom 2 weights: 0.4127319469510831 Ni 0.16631858959048854 Cr 0.4100140898977168 Co 0.010935373560711524 V 
Atom 3 weights: 0.3262426513517922 Ni 0.22465960788566827 Cr 0.44709192260337555 Co 0.0020058181591638795 V 
Atom 4 weights: 0.41695252984368997 Ni 0.1706981147158453 Cr 0.4123493554404648 Co 0.0 V 
Atom 5 weights: 0.3408791219895289 Ni 0.2900982283691618 Cr 0.3393745681387584 Co 0.029648081502550806 V 
Atom 6 weights: 0.45200647998041077 Ni 0.22615116563482027 Cr 0.31414189122362346 Co 0.0077004631611456535 V 
Atom 7 weights: 0.3814433743875021 Ni 0.22553271078943432 Cr 0.39302391482306354 Co 0.0 V 
Atom 8 weights: 0.3239809980054758 Ni 0.3156352982239237 Cr 0.33395948011862525 Co 0.026424223651975196 V 
Atom 9 weights: 0.17804060974396196 Ni 0.1702502473117464 Cr 0.19008900519805993 Co 0.4616201377462316 V 
Atom 10 weights: 0.04918957130070447 Ni 0.2417686652289678 Cr 0.04483121174721485 Co 0.6642105517231127 V 
Atom 11 weights: 0.1125488851163603 Ni 0.24006839932239354 Cr 0.03279299614375026 Co 0.6145897194174958 V 
Atom 12 weights: 0.29471363277734913 Ni 0.23356507095556622 Cr 0.2226893628896689 Co 0.2490319333774158 V 
Atom 13 weights: 0.0031685201078191635 Ni 0.26158700271383045 Cr 0.05271815993404689 Co 0.6825263172443035 V 
Atom 14 weights: 0.0 Ni 0.23891006854490712 Cr 0.11985884082673476 Co 0.641231090628358 V 
Atom 15 weights: 0.06371265307382208 Ni 0.248408171544817 Cr 2.7755575615628914e-17 Co 0.6878791753813609 V 
Atom 16 weights: 0.02353090323073133 Ni 0.16213790841744524 Cr 0.028089938341662846 Co 0.7862412500101605 V 
HEA binding free energy: 1.4591292168686087 eV, Target: 1.6 eV
Entropy: 16.10268918274076

Iteration 19, eta = 0.2
Atom 1 weights: 0.5659966652647161 Ni 1.0824674490095276e-15 Cr 0.4240483023197619 Co 0.009955032415520766 V 
Atom 2 weights: 0.40712158538373855 Ni 0.15988983273970084 Cr 0.40437946599564767 Co 0.028609115880913007 V 
Atom 3 weights: 0.3220286301694921 Ni 0.223975455525627 Cr 0.4435258741354272 Co 0.010470040169453632 V 
Atom 4 weights: 0.4162481198924144 Ni 0.17103371530664113 Cr 0.41176782113353194 Co 0.0009503436674126119 V 
Atom 5 weights: 0.34076003469651683 Ni 0.2901833743993264 Cr 0.3392862685534538 Co 0.029770322350702975 V 
Atom 6 weights: 0.4526001078587021 Ni 0.2261345130334866 Cr 0.31440465990411337 Co 0.0068607192036979625 V 
Atom 7 weights: 0.3816815557069802 Ni 0.22505590977533466 Cr 0.39326253451768517 Co 0.0 V 
Atom 8 weights: 0.32425092512406206 Ni 0.31586072789000935 Cr 0.3342549739933386 Co 0.025633372992590036 V 
Atom 9 weights: 0.17948890164567857 Ni 0.17036814837869094 Cr 0.1914615515211952 Co 0.45868139845443534 V 
Atom 10 weights: 0.05066460839041813 Ni 0.2422071673477269 Cr 0.04617087738312169 Co 0.6609573468787333 V 
Atom 11 weights: 0.11446766955163651 Ni 0.24056543781797574 Cr 0.03438451990163349 Co 0.6105823727287543 V 
Atom 12 weights: 0.2965711838969173 Ni 0.23388497208060025 Cr 0.22426636507795805 Co 0.24527747894452442 V 
Atom 13 weights: 0.0068640036554206375 Ni 0.25999559209940126 Cr 0.050460179228943296 Co 0.6826802250162348 V 
Atom 14 weights: 0.005353872111759059 Ni 0.23715275429575472 Cr 0.11820591140282942 Co 0.6392874621896567 V 
Atom 15 weights: 0.06396955785164714 Ni 0.24855004472871012 Cr 0.0 Co 0.6874803974196428 V 
Atom 16 weights: 0.02320032997362827 Ni 0.16191275421331378 Cr 0.027740503773148073 Co 0.7871464120399099 V 
HEA binding free energy: 1.660666670118258 eV, Target: 1.6 eV
Entropy: 16.290798176492586

Iteration 20, eta = 0.2
Atom 1 weights: 0.5641265876673844 Ni 4.107825191113079e-15 Cr 0.41954754923888904 Co 0.016325863093722366 V 
Atom 2 weights: 0.40145905691566375 Ni 0.14310037220805794 Cr 0.39804909497813185 Co 0.057391475898146485 V 
Atom 3 weights: 0.3227659787901552 Ni 0.2234632008446714 Cr 0.4464584290520374 Co 0.007312391313135939 V 
Atom 4 weights: 0.4178518254927217 Ni 0.1668186335569675 Cr 0.41316909551254044 Co 0.0021604454377702788 V 
Atom 5 weights: 0.34567041984068114 Ni 0.2915567447594508 Cr 0.3439398653453972 Co 0.01883297005447076 V 
Atom 6 weights: 0.45665811222354735 Ni 0.22579304572370323 Cr 0.31597538822928994 Co 0.0015734538234594775 V 
Atom 7 weights: 0.3826631816860611 Ni 0.2229230687106204 Cr 0.3944137496033185 Co 0.0 V 
Atom 8 weights: 0.3292687975349739 Ni 0.31779164153950523 Cr 0.33918824007370857 Co 0.013751320851812401 V 
Atom 9 weights: 0.18114825908181925 Ni 0.1696194191575971 Cr 0.1931750787036489 Co 0.45605724305693485 V 
Atom 10 weights: 0.04880608209879402 Ni 0.24244880945314307 Cr 0.044123732137464435 Co 0.6646213763105985 V 
Atom 11 weights: 0.11469518682939688 Ni 0.24102854082871397 Cr 0.0330404972499921 Co 0.6112357750918971 V 
Atom 12 weights: 0.2988708316089077 Ni 0.234009966133204 Cr 0.22523349993218256 Co 0.2418857023257058 V 
Atom 13 weights: 0.014032773168609913 Ni 0.25352481732730847 Cr 0.036943044236816935 Co 0.6954993652672646 V 
Atom 14 weights: 0.011108915556540972 Ni 0.23113461966303184 Cr 0.10706938755624523 Co 0.650687077224182 V 
Atom 15 weights: 0.05404121627854914 Ni 0.24491628601494686 Cr 2.2265907441407292e-05 Co 0.7010202317990626 V 
Atom 16 weights: 0.01419392451056109 Ni 0.159283848081175 Cr 0.01913884164040361 Co 0.8073833857678603 V 
HEA binding free energy: 1.6575141944913145 eV, Target: 1.6 eV
Entropy: 16.142523978240657

Iteration 21, eta = 0.2
Atom 1 weights: 0.5604092655682421 Ni 1.6653345369377348e-15 Cr 0.4113654331101976 Co 0.028225301321558646 V 
Atom 2 weights: 0.39292757003904577 Ni 0.11653183479055364 Cr 0.3885309840990604 Co 0.10200961107134025 V 
Atom 3 weights: 0.3230892920014487 Ni 0.22230608274328376 Cr 0.45097042228672507 Co 0.0036342029685425396 V 
Atom 4 weights: 0.4208894844314497 Ni 0.15976222196435666 Cr 0.4158955589201121 Co 0.003452734684081577 V 
Atom 5 weights: 0.35335639774851824 Ni 0.2938328605987651 Cr 0.351250015595964 Co 0.0015607260567526947 V 
Atom 6 weights: 0.4614065591932529 Ni 0.2225138192756348 Cr 0.3160796215311123 Co 0.0 V 
Atom 7 weights: 0.38445245321256716 Ni 0.2190131411379385 Cr 0.3965344056494944 Co 2.7755575615628914e-17 V 
Atom 8 weights: 0.33536123343605273 Ni 0.3194025993830078 Cr 0.34523616718093925 Co 1.1102230246251565e-16 V 
Atom 9 weights: 0.1832289300721534 Ni 0.16796360117296202 Cr 0.1954111838735079 Co 0.45339628488137673 V 
Atom 10 weights: 0.044832676789183415 Ni 0.24280970259928836 Cr 0.03983583598743156 Co 0.6725217846240967 V 
Atom 11 weights: 0.11412697525142036 Ni 0.24164835526290188 Cr 0.029581640214889 Co 0.6146430292707887 V 
Atom 12 weights: 0.3029404216374303 Ni 0.23413831034916038 Cr 0.22679777062024753 Co 0.2361234973931618 V 
Atom 13 weights: 0.024604114503556717 Ni 0.24383315698087174 Cr 0.01572989421054326 Co 0.7158328343050284 V 
Atom 14 weights: 0.019701588356767663 Ni 0.22204193470740818 Cr 0.09011341797689505 Co 0.6681430589589291 V 
Atom 15 weights: 0.038223675659257765 Ni 0.2392548996464377 Cr 0.0001987924817006803 Co 0.7223226322126038 V 
Atom 16 weights: 5.551115123125783e-17 Ni 0.1547570746805309 Cr 0.005101255329630015 Co 0.8401416699898392 V 
HEA binding free energy: 1.6245528866453016 eV, Target: 1.6 eV
Entropy: 15.797198543119435

Iteration 22, eta = 0.2
Atom 1 weights: 0.5604431421337399 Ni 6.661338147750939e-16 Cr 0.4091977146020062 Co 0.03035914326425318 V 
Atom 2 weights: 0.39081623618468075 Ni 0.10839300517161049 Cr 0.38620200380895064 Co 0.11458875483475808 V 
Atom 3 weights: 0.3222305234690762 Ni 0.22156751060183275 Cr 0.4522921029349347 Co 0.003909862994156449 V 
Atom 4 weights: 0.4221826555219531 Ni 0.1570072997393148 Cr 0.41712093838785846 Co 0.0036891063508736094 V 
Atom 5 weights: 0.35444167254616277 Ni 0.2933147753104134 Cr 0.3522435521434238 Co 1.1102230246251565e-16 V 
Atom 6 weights: 0.4633915801797132 Ni 0.22083741049444092 Cr 0.3157710093258459 Co 0.0 V 
Atom 7 weights: 0.38524151838901527 Ni 0.21724293913341974 Cr 0.39751554247756504 Co 0.0 V 
Atom 8 weights: 0.3357166165388541 Ni 0.3186164989589565 Cr 0.3456668845021894 Co 2.7755575615628914e-17 V 
Atom 9 weights: 0.1836916889686593 Ni 0.1669896180609735 Cr 0.19597784286103506 Co 0.4533408501093322 V 
Atom 10 weights: 0.042793888159818896 Ni 0.24298926900060835 Cr 0.03764579619969341 Co 0.6765710466398793 V 
Atom 11 weights: 0.11350054014250832 Ni 0.24188552488931234 Cr 0.027530287039872 Co 0.6170836479283073 V 
Atom 12 weights: 0.30501864338945756 Ni 0.23419086358064728 Cr 0.2276107327527911 Co 0.2331797602771041 V 
Atom 13 weights: 0.025754252680760707 Ni 0.24134885181655077 Cr 0.008661797358613742 Co 0.7242350981440747 V 
Atom 14 weights: 0.020830376733334936 Ni 0.21953794406339613 Cr 0.08492650468952671 Co 0.6747051745137422 V 
Atom 15 weights: 0.032589112674266923 Ni 0.23741675983892255 Cr 5.551115123125783e-17 Co 0.7299941274868105 V 
