   Eewald =     5412.2845615144360636
       EH =     7235.6382350702579060
     Eloc =   -14805.5182875477403286
      Enl =     -553.0537990120355971
   Epulay =       -0.0004768259422330
      Exc =     -248.4212536397059239
       KE =      932.7558285296879603
        U =        0.9451157468348478
-------------------------------------
     Etot =    -2025.3700761642064663
       TS =        0.0004243265256884
-------------------------------------
        F =    -2025.3705004907321836
