   Eewald =     5990.1639734157761268
       EH =     7967.6629020452483019
     Eloc =   -16292.4012668940194999
      Enl =     -606.1772238517712594
   Epulay =       -0.0004887253079091
      Exc =     -260.1881560548046082
       KE =     1003.9808190005140887
        U =        1.4151044912946436
-------------------------------------
     Etot =    -2195.5443365730693586
       TS =        0.0012496095483162
-------------------------------------
        F =    -2195.5455861826176260
