Initilizing minimization for species Ni Cr Co V 

Target: 1.6 eV
Performing first surface calculations...
Surface calculations successfully finished.
Initial entropy parameter eta set to 0.05
_____________________________________________________________________
Beginning minimzation


Iteration 1, eta = 0.05
Atom 1 weights: 0.2473876923169314 Ni 0.27111958629282645 Cr 0.21126895504863918 Co 0.27022376634160283 V 
Atom 2 weights: 0.28323278088225623 Ni 0.25348217073356233 Cr 0.23825916483147405 Co 0.22502588355270747 V 
Atom 3 weights: 0.25166867544548666 Ni 0.2509004183962926 Cr 0.27510974692622386 Co 0.22232115923199686 V 
Atom 4 weights: 0.26579503781694247 Ni 0.24681269356807078 Cr 0.24439429972403678 Co 0.24299796889094993 V 
Atom 5 weights: 0.3122250245505053 Ni 0.22434978427753677 Cr 0.24346697431610914 Co 0.21995821685584885 V 
Atom 6 weights: 0.26768600175609725 Ni 0.28709558320565903 Cr 0.22282586483205946 Co 0.22239255020618418 V 
Atom 7 weights: 0.218368565195809 Ni 0.23943305878767576 Cr 0.26691200824725764 Co 0.2752863677692575 V 
Atom 8 weights: 0.2761644544229863 Ni 0.2221754906078503 Cr 0.24140426018630615 Co 0.2602557947828571 V 
Atom 9 weights: 0.24092352688852833 Ni 0.26199488304119406 Cr 0.25911070949085674 Co 0.23797088057942095 V 
Atom 10 weights: 0.27049333164476075 Ni 0.23354601549429252 Cr 0.23176497802938395 Co 0.26419567483156275 V 
Atom 11 weights: 0.23832052211620686 Ni 0.22764996693976938 Cr 0.2675597237796792 Co 0.2664697871643446 V 
Atom 12 weights: 0.2243026520943098 Ni 0.2765444558455776 Cr 0.2701475384742437 Co 0.2290053535858689 V 
Atom 13 weights: 0.2419610363690471 Ni 0.2723836900481082 Cr 0.21159408309034664 Co 0.2740611904924981 V 
Atom 14 weights: 0.26952712487169506 Ni 0.26522708612845475 Cr 0.23952970193470913 Co 0.22571608706514115 V 
Atom 15 weights: 0.27656198490823775 Ni 0.24003703727022935 Cr 0.2281703322372671 Co 0.25523064558426584 V 
Atom 16 weights: 0.21903792761242727 Ni 0.23926952862169182 Cr 0.2620092153220738 Co 0.27968332844380717 V 
HEA binding free energy: 0.4994642223071884 eV, Target: 1.6 eV
Entropy: 22.119373055531558

Iteration 2, eta = 0.05
Atom 1 weights: 0.24813920371924897 Ni 0.27110094993588996 Cr 0.21189957041147434 Co 0.2688602759333868 V 
Atom 2 weights: 0.2832992999799364 Ni 0.25350128113806364 Cr 0.23832247835897202 Co 0.22487694052302795 V 
Atom 3 weights: 0.2517075549783604 Ni 0.25091507863744567 Cr 0.27514855206793054 Co 0.22222881431626346 V 
Atom 4 weights: 0.2657036991612183 Ni 0.24680815553990076 Cr 0.24431265783440678 Co 0.24317548746447412 V 
Atom 5 weights: 0.3113580976969826 Ni 0.22417852773207914 Cr 0.24265653868571294 Co 0.2218068358852254 V 
Atom 6 weights: 0.26678682335024406 Ni 0.2869061666057906 Cr 0.22198704576180062 Co 0.22431996428216477 V 
Atom 7 weights: 0.21734625343734282 Ni 0.23922171910030474 Cr 0.2659571730521497 Co 0.2774748544102028 V 
Atom 8 weights: 0.275158385487444 Ni 0.22196628315742095 Cr 0.2404615389133864 Co 0.2624137924417486 V 
Atom 9 weights: 0.2416162121623977 Ni 0.26212683904853673 Cr 0.25975161488578224 Co 0.2365053339032834 V 
Atom 10 weights: 0.2704815375582832 Ni 0.23354761554220274 Cr 0.23175594624409182 Co 0.2642149006554223 V 
Atom 11 weights: 0.23821328336912753 Ni 0.22763235835766502 Cr 0.2674625374388245 Co 0.26669182083438286 V 
Atom 12 weights: 0.22354339799452777 Ni 0.2763732172735662 Cr 0.26943504788376565 Co 0.23064833684814035 V 
Atom 13 weights: 0.24280146806994407 Ni 0.2725415538482627 Cr 0.21236863419466798 Co 0.2722883438871253 V 
Atom 14 weights: 0.27037191388858256 Ni 0.2653823001638407 Cr 0.24030913619608685 Co 0.22393664975149002 V 
Atom 15 weights: 0.2773993329808611 Ni 0.24018534654202264 Cr 0.22894277146338787 Co 0.25347254901372845 V 
Atom 16 weights: 0.2197131490678592 Ni 0.23938655124636896 Cr 0.2626315557000047 Co 0.2782687439857672 V 
HEA binding free energy: 0.5028502804107494 eV, Target: 1.6 eV
Entropy: 22.12011377759073

Iteration 3, eta = 0.05
Atom 1 weights: 0.2483339807850589 Ni 0.2710457174068766 Cr 0.2120430554247043 Co 0.2685772463833602 V 
Atom 2 weights: 0.2832232087012303 Ni 0.2534863322670241 Cr 0.23825115796813623 Co 0.2250393010636094 V 
Atom 3 weights: 0.25161400224504765 Ni 0.2508971729422289 Cr 0.2750615975033616 Co 0.22242722730936187 V 
Atom 4 weights: 0.26574366854624143 Ni 0.2468139497839748 Cr 0.2443491577507805 Co 0.24309322391900323 V 
Atom 5 weights: 0.31135809782474166 Ni 0.22417812042303759 Cr 0.24265616525671985 Co 0.22180761649550093 V 
Atom 6 weights: 0.2667916940433928 Ni 0.28690884744502987 Cr 0.22199206694995477 Co 0.22430739156162258 V 
Atom 7 weights: 0.21735367913846435 Ni 0.2392251845847615 Cr 0.2659654377402433 Co 0.27745569853653096 V 
Atom 8 weights: 0.27516201889194514 Ni 0.22196785292043134 Cr 0.2404652510388404 Co 0.26240487714878324 V 
Atom 9 weights: 0.2416290862067961 Ni 0.26213109137564833 Cr 0.2597643131540615 Co 0.23647550926349412 V 
Atom 10 weights: 0.2704047032807309 Ni 0.23353683153874888 Cr 0.23168533172789296 Co 0.26437313345262714 V 
Atom 11 weights: 0.23814854085745993 Ni 0.22762368895662563 Cr 0.26740360964042936 Co 0.2668241605454852 V 
Atom 12 weights: 0.22348357493530588 Ni 0.27636576212543396 Cr 0.2693814164637858 Co 0.2307692464754743 V 
Atom 13 weights: 0.24286723993388634 Ni 0.2725517005777097 Cr 0.21242828831195917 Co 0.2721527711764448 V 
Atom 14 weights: 0.2703972658428618 Ni 0.2653844115287691 Cr 0.2403315095437759 Co 0.22388681308459332 V 
Atom 15 weights: 0.27744879540798645 Ni 0.24019170113788862 Cr 0.2289873369488129 Co 0.2533721665053121 V 
Atom 16 weights: 0.21974852552616597 Ni 0.23939192907112058 Cr 0.2626640493706681 Co 0.2781954960320453 V 
HEA binding free energy: 0.68176438340528 eV, Target: 1.6 eV
Entropy: 22.120232752339234

Iteration 4, eta = 0.05
Atom 1 weights: 0.43073431383154454 Ni 0.2214003616501906 Cr 0.3478653245182649 Co 0.0 V 
Atom 2 weights: 0.2090863935152559 Ni 0.23889323967271073 Cr 0.1687874798314298 Co 0.3832328869806036 V 
Atom 3 weights: 0.1611044161753375 Ni 0.2334959607687678 Cr 0.19090884041306036 Co 0.41449078264283445 V 
Atom 4 weights: 0.2876787752508654 Ni 0.24939458236564152 Cr 0.2641743201643445 Co 0.19875232221914868 V 
Atom 5 weights: 0.30892238718040366 Ni 0.2235436972246382 Cr 0.24011419917743734 Co 0.22741971641752076 V 
Atom 6 weights: 0.2784673135916711 Ni 0.2909887176908827 Cr 0.2333492115137963 Co 0.19719475720364985 V 
Atom 7 weights: 0.22789613496649797 Ni 0.24327033687705268 Cr 0.27705655579169464 Co 0.2517769723647547 V 
Atom 8 weights: 0.27422275130590934 Ni 0.22271097227236805 Cr 0.23992442640125072 Co 0.26314185002047186 V 
Atom 9 weights: 0.24769093026477323 Ni 0.2647729890624123 Cr 0.2659998373511735 Co 0.22153624332164107 V 
Atom 10 weights: 0.1984402129882681 Ni 0.22308754511230716 Cr 0.1654217208128491 Co 0.4130505210865756 V 
Atom 11 weights: 0.17564957047659627 Ni 0.21879780841907137 Cr 0.21033286589564704 Co 0.3952197552086853 V 
Atom 12 weights: 0.1770369574253062 Ni 0.27103481941368235 Cr 0.2279338711005411 Co 0.32399435206047017 V 
Atom 13 weights: 0.3035930298844316 Ni 0.28199606220570417 Cr 0.2675575565984426 Co 0.14685335131142166 V 
Atom 14 weights: 0.29985893507778133 Ni 0.26855676903984677 Cr 0.26663647525251877 Co 0.16494782062985316 V 
Atom 15 weights: 0.3228256564482889 Ni 0.24608452690768795 Cr 0.26991644103370327 Co 0.16117337561032 V 
Atom 16 weights: 0.25494578334455525 Ni 0.2448114817028152 Cr 0.2950220685764197 Co 0.2052206663762098 V 
HEA binding free energy: 1.225014937218754 eV, Target: 1.6 eV
Entropy: 21.463035295421477

Iteration 5, eta = 0.1
Atom 1 weights: 0.43073431383154454 Ni 0.2214003616501906 Cr 0.3478653245182649 Co 0.0 V 
Atom 2 weights: 0.2090863935152559 Ni 0.23889323967271073 Cr 0.1687874798314298 Co 0.3832328869806036 V 
Atom 3 weights: 0.1611044161753375 Ni 0.2334959607687678 Cr 0.19090884041306036 Co 0.41449078264283445 V 
Atom 4 weights: 0.2876787752508654 Ni 0.24939458236564152 Cr 0.2641743201643445 Co 0.19875232221914868 V 
Atom 5 weights: 0.30892238718040366 Ni 0.2235436972246382 Cr 0.24011419917743734 Co 0.22741971641752076 V 
Atom 6 weights: 0.2784673135916711 Ni 0.2909887176908827 Cr 0.2333492115137963 Co 0.19719475720364985 V 
Atom 7 weights: 0.22789613496649797 Ni 0.24327033687705268 Cr 0.27705655579169464 Co 0.2517769723647547 V 
Atom 8 weights: 0.27422275130590934 Ni 0.22271097227236805 Cr 0.23992442640125072 Co 0.26314185002047186 V 
Atom 9 weights: 0.24769093026477323 Ni 0.2647729890624123 Cr 0.2659998373511735 Co 0.22153624332164107 V 
Atom 10 weights: 0.1984402129882681 Ni 0.22308754511230716 Cr 0.1654217208128491 Co 0.4130505210865756 V 
Atom 11 weights: 0.17564957047659627 Ni 0.21879780841907137 Cr 0.21033286589564704 Co 0.3952197552086853 V 
Atom 12 weights: 0.1770369574253062 Ni 0.27103481941368235 Cr 0.2279338711005411 Co 0.32399435206047017 V 
Atom 13 weights: 0.3035930298844316 Ni 0.28199606220570417 Cr 0.2675575565984426 Co 0.14685335131142166 V 
Atom 14 weights: 0.29985893507778133 Ni 0.26855676903984677 Cr 0.26663647525251877 Co 0.16494782062985316 V 
Atom 15 weights: 0.3228256564482889 Ni 0.24608452690768795 Cr 0.26991644103370327 Co 0.16117337561032 V 
Atom 16 weights: 0.25494578334455525 Ni 0.2448114817028152 Cr 0.2950220685764197 Co 0.2052206663762098 V 
HEA binding free energy: 1.1055452765641396 eV, Target: 1.6 eV
Entropy: 21.463035295421477

Iteration 6, eta = 0.1
Atom 1 weights: 0.43244442706771336 Ni 0.2189839238428823 Cr 0.34857164908940425 Co 0.0 V 
Atom 2 weights: 0.21298234439204272 Ni 0.23971883987263248 Cr 0.17237682554236733 Co 0.3749219901929576 V 
Atom 3 weights: 0.16632538446777898 Ni 0.23458678862510268 Cr 0.195770963266993 Co 0.4033168636401252 V 
Atom 4 weights: 0.28828623047631624 Ni 0.2495234403633014 Cr 0.26471251271280316 Co 0.19747781644757909 V 
Atom 5 weights: 0.3108478991360923 Ni 0.2237920844295608 Cr 0.24183754877308927 Co 0.22352246766125763 V 
Atom 6 weights: 0.2805489152707523 Ni 0.2913779319475228 Cr 0.2352392946627003 Co 0.19283385811902465 V 
Atom 7 weights: 0.2300572726056762 Ni 0.24361698272364488 Cr 0.27907755802797324 Co 0.24724818664270576 V 
Atom 8 weights: 0.2761194698748569 Ni 0.2229582323502517 Cr 0.24164094786819984 Co 0.2592813499066915 V 
Atom 9 weights: 0.2467407476458827 Ni 0.26477233299953257 Cr 0.26516394417532285 Co 0.22332297517926186 V 
Atom 10 weights: 0.19662965772414387 Ni 0.22282114606889505 Cr 0.16373724049165916 Co 0.416811955715302 V 
Atom 11 weights: 0.17465249765550678 Ni 0.21872480871925676 Cr 0.20945488245079913 Co 0.3971678111744372 V 
Atom 12 weights: 0.17574065936201938 Ni 0.27067620627874966 Cr 0.22672298702452653 Co 0.3268601473347044 V 
Atom 13 weights: 0.3012517850174826 Ni 0.28157335558335694 Cr 0.26537149796908666 Co 0.15180336143007367 V 
Atom 14 weights: 0.29611861930102357 Ni 0.26781370270440563 Cr 0.26314509677927356 Co 0.17292258121529738 V 
Atom 15 weights: 0.31974931633002396 Ni 0.24548885490729283 Cr 0.26703169853612047 Co 0.16773013022656275 V 
Atom 16 weights: 0.2510694844281945 Ni 0.24405266803818407 Cr 0.29145088320626 Co 0.21342696432736138 V 
HEA binding free energy: 1.2764886476026298 eV, Target: 1.6 eV
Entropy: 21.48125130473385

Iteration 7, eta = 0.2
Atom 1 weights: 0.43244442706771336 Ni 0.2189839238428823 Cr 0.34857164908940425 Co 0.0 V 
Atom 2 weights: 0.21298234439204272 Ni 0.23971883987263248 Cr 0.17237682554236733 Co 0.3749219901929576 V 
Atom 3 weights: 0.16632538446777898 Ni 0.23458678862510268 Cr 0.195770963266993 Co 0.4033168636401252 V 
Atom 4 weights: 0.28828623047631624 Ni 0.2495234403633014 Cr 0.26471251271280316 Co 0.19747781644757909 V 
Atom 5 weights: 0.3108478991360923 Ni 0.2237920844295608 Cr 0.24183754877308927 Co 0.22352246766125763 V 
Atom 6 weights: 0.2805489152707523 Ni 0.2913779319475228 Cr 0.2352392946627003 Co 0.19283385811902465 V 
Atom 7 weights: 0.2300572726056762 Ni 0.24361698272364488 Cr 0.27907755802797324 Co 0.24724818664270576 V 
Atom 8 weights: 0.2761194698748569 Ni 0.2229582323502517 Cr 0.24164094786819984 Co 0.2592813499066915 V 
Atom 9 weights: 0.2467407476458827 Ni 0.26477233299953257 Cr 0.26516394417532285 Co 0.22332297517926186 V 
Atom 10 weights: 0.19662965772414387 Ni 0.22282114606889505 Cr 0.16373724049165916 Co 0.416811955715302 V 
Atom 11 weights: 0.17465249765550678 Ni 0.21872480871925676 Cr 0.20945488245079913 Co 0.3971678111744372 V 
Atom 12 weights: 0.17574065936201938 Ni 0.27067620627874966 Cr 0.22672298702452653 Co 0.3268601473347044 V 
Atom 13 weights: 0.3012517850174826 Ni 0.28157335558335694 Cr 0.26537149796908666 Co 0.15180336143007367 V 
Atom 14 weights: 0.29611861930102357 Ni 0.26781370270440563 Cr 0.26314509677927356 Co 0.17292258121529738 V 
Atom 15 weights: 0.31974931633002396 Ni 0.24548885490729283 Cr 0.26703169853612047 Co 0.16773013022656275 V 
Atom 16 weights: 0.2510694844281945 Ni 0.24405266803818407 Cr 0.29145088320626 Co 0.21342696432736138 V 
HEA binding free energy: 1.1084767239119038 eV, Target: 1.6 eV
Entropy: 21.48125130473385

Iteration 8, eta = 0.2
Atom 1 weights: 0.4349105554423443 Ni 0.21529151212002962 Cr 0.3497979324376261 Co 0.0 V 
Atom 2 weights: 0.21522528553547146 Ni 0.2400970139327945 Cr 0.17435897088665964 Co 0.3703187296450745 V 
Atom 3 weights: 0.1674757242326384 Ni 0.2347753752009539 Cr 0.1968479132822269 Co 0.4009009872841809 V 
Atom 4 weights: 0.28768285845493513 Ni 0.2493084718265831 Cr 0.2640716190702409 Co 0.1989370506482408 V 
Atom 5 weights: 0.31040432441785154 Ni 0.22362455599694356 Cr 0.24131790004934586 Co 0.22465321953585904 V 
Atom 6 weights: 0.28197784399523507 Ni 0.29169721482414324 Cr 0.23650366014086444 Co 0.1898212810397572 V 
Atom 7 weights: 0.23114933990818676 Ni 0.2437981077321409 Cr 0.2801702899318445 Co 0.24488226242782785 V 
Atom 8 weights: 0.2758672626813516 Ni 0.22282545326600195 Cr 0.24134708497849874 Co 0.25996019907414775 V 
Atom 9 weights: 0.24368131106011087 Ni 0.26418524137243915 Cr 0.2623286215351052 Co 0.22980482603234467 V 
Atom 10 weights: 0.19353528252615648 Ni 0.22211801748765259 Cr 0.16077221443212739 Co 0.42357448555406363 V 
Atom 11 weights: 0.16798252477398046 Ni 0.21738420601635977 Cr 0.20327931477920816 Co 0.4113539544304515 V 
Atom 12 weights: 0.17355797699078607 Ni 0.2701380765238948 Cr 0.2247282707782445 Co 0.3315756757070746 V 
Atom 13 weights: 0.30418365572815526 Ni 0.28214567699668136 Cr 0.26803634674055693 Co 0.14563432053460645 V 
Atom 14 weights: 0.2976438735564902 Ni 0.26809085871215793 Cr 0.2645019956099406 Co 0.16976327212141137 V 
Atom 15 weights: 0.32161918822657193 Ni 0.24577304948215367 Cr 0.26868037221047214 Co 0.1639273900808022 V 
Atom 16 weights: 0.25301873907329253 Ni 0.24441209844931625 Cr 0.2933233988721271 Co 0.2092457636052641 V 
HEA binding free energy: 1.23425447523906 eV, Target: 1.6 eV
Entropy: 21.456853017969404

Iteration 9, eta = 0.2
Atom 1 weights: 0.43723217495041966 Ni 0.21189509086342043 Cr 0.35087273418615994 Co 2.7755575615628914e-17 V 
Atom 2 weights: 0.21746091033092635 Ni 0.24041688761349533 Cr 0.1763052863665274 Co 0.36581691568905095 V 
Atom 3 weights: 0.16932011143805614 Ni 0.23503242527838114 Cr 0.19856344577300847 Co 0.39708401751055433 V 
Atom 4 weights: 0.28883783653589423 Ni 0.24943000326156706 Cr 0.26507031380771034 Co 0.19666184639482848 V 
Atom 5 weights: 0.31097070250239917 Ni 0.22362890933750554 Cr 0.24170833370303293 Co 0.22369205445706242 V 
Atom 6 weights: 0.28292633761715014 Ni 0.2919542670236034 Cr 0.23730154070603274 Co 0.1878178546532138 V 
Atom 7 weights: 0.2320226435022312 Ni 0.24396128949261167 Cr 0.28107762327777336 Co 0.2429384437273837 V 
Atom 8 weights: 0.27653746509180216 Ni 0.22286754918681834 Cr 0.2418991515807723 Co 0.2586958341406072 V 
Atom 9 weights: 0.24307094008663763 Ni 0.2640979665225225 Cr 0.2617966160567867 Co 0.2310344773340532 V 
Atom 10 weights: 0.19219148247997989 Ni 0.22181746071808758 Cr 0.15944819814289712 Co 0.4265428586590354 V 
Atom 11 weights: 0.16582658842561643 Ni 0.21693764107021593 Cr 0.20133207110269993 Co 0.4159036994014677 V 
Atom 12 weights: 0.17230978770269673 Ni 0.2699503090195569 Cr 0.2236606502561853 Co 0.3340792530215611 V 
Atom 13 weights: 0.303280863023362 Ni 0.2820368479050855 Cr 0.2671459240474911 Co 0.14753636502406128 V 
Atom 14 weights: 0.29649315457090064 Ni 0.2679108842990264 Cr 0.26338441176108107 Co 0.1722115493689919 V 
Atom 15 weights: 0.3206134797198105 Ni 0.24557560708555382 Cr 0.26766168768503834 Co 0.1661492255095972 V 
Atom 16 weights: 0.25171797290280234 Ni 0.24418913029516973 Cr 0.2922073874133792 Co 0.21188550938864872 V 
HEA binding free energy: 1.241107308130953 eV, Target: 1.6 eV
Entropy: 21.45563668354784

Iteration 10, eta = 0.2
Atom 1 weights: 0.43854971395252323 Ni 0.21004057570894802 Cr 0.3514097103385286 Co 1.6653345369377348e-16 V 
Atom 2 weights: 0.2169514165448932 Ni 0.24025560370675367 Cr 0.17574981665197104 Co 0.3670431630963822 V 
Atom 3 weights: 0.16897030515113748 Ni 0.23490519882918212 Cr 0.19824858447197818 Co 0.39787591154770224 V 
Atom 4 weights: 0.28857251970208236 Ni 0.24933770025281896 Cr 0.2647827275968194 Co 0.19730705244827926 V 
Atom 5 weights: 0.31093108629454574 Ni 0.22356063811392293 Cr 0.2415773006026623 Co 0.22393097498886905 V 
Atom 6 weights: 0.28280848539177683 Ni 0.2919869046028254 Cr 0.2371344871563104 Co 0.18807012284908753 V 
Atom 7 weights: 0.23186583787035014 Ni 0.24393799721023987 Cr 0.28100105768320666 Co 0.24319510723620333 V 
Atom 8 weights: 0.27646103307670544 Ni 0.22280623192782695 Cr 0.2417805853693445 Co 0.25895214962612323 V 
Atom 9 weights: 0.24321812188753428 Ni 0.2641556316176983 Cr 0.26196153637108355 Co 0.23066471012368397 V 
Atom 10 weights: 0.19222572554780273 Ni 0.221805660088429 Cr 0.15943029873826603 Co 0.42653831562550226 V 
Atom 11 weights: 0.16591872104700098 Ni 0.21693483757649334 Cr 0.20145906264065974 Co 0.415687378735846 V 
Atom 12 weights: 0.17236345579715306 Ni 0.2700252418879612 Cr 0.22377874744519394 Co 0.3338325548696919 V 
Atom 13 weights: 0.30351021318571997 Ni 0.2821090038027912 Cr 0.26731322629214943 Co 0.1470675567193394 V 
Atom 14 weights: 0.2967901513952948 Ni 0.26797590251996617 Cr 0.2636174955817212 Co 0.1716164505030178 V 
Atom 15 weights: 0.3209189446146594 Ni 0.24560374075227348 Cr 0.2678776564998437 Co 0.16559965813322328 V 
Atom 16 weights: 0.2519235491433142 Ni 0.24421526192854962 Cr 0.29245320536777886 Co 0.2114079835603574 V 
HEA binding free energy: 1.2509216622799346 eV, Target: 1.6 eV
Entropy: 21.452572477660418

Iteration 11, eta = 0.2
Atom 1 weights: 0.4420868582553153 Ni 0.20502129749487596 Cr 0.3528918442498086 Co 2.220446049250313e-16 V 
Atom 2 weights: 0.21690936872367875 Ni 0.24008072574372924 Cr 0.175493697080394 Co 0.3675162084521979 V 
Atom 3 weights: 0.16905068330561035 Ni 0.23476486255278634 Cr 0.19834552692677831 Co 0.39783892721482506 V 
Atom 4 weights: 0.2886961907843073 Ni 0.24923907685223884 Cr 0.2647853492277231 Co 0.19727938313573073 V 
Atom 5 weights: 0.3112143636368699 Ni 0.22345187171892647 Cr 0.24159706238659862 Co 0.22373670225760517 V 
Atom 6 weights: 0.28309984275907996 Ni 0.2921865890493949 Cr 0.23725612259743983 Co 0.1874574455940854 V 
Atom 7 weights: 0.2320148949841612 Ni 0.24397742129308264 Cr 0.2813175526073219 Co 0.24269013111543436 V 
Atom 8 weights: 0.2766730468530663 Ni 0.2227181645214253 Cr 0.24185393590682788 Co 0.2587548527186806 V 
Atom 9 weights: 0.24301890921327166 Ni 0.26419126641969715 Cr 0.2618468284835942 Co 0.23094299588343703 V 
Atom 10 weights: 0.19175737974661702 Ni 0.22166409049260352 Cr 0.15886525564244708 Co 0.4277132741183323 V 
Atom 11 weights: 0.16517862341415337 Ni 0.21674233293675632 Cr 0.20087806336823974 Co 0.4172009802808506 V 
Atom 12 weights: 0.1719717930749582 Ni 0.2701004524307687 Cr 0.2235896102048267 Co 0.3343381442894464 V 
Atom 13 weights: 0.30350163910861194 Ni 0.2821881061782133 Cr 0.26719209989640275 Co 0.14711815481677193 V 
Atom 14 weights: 0.2967625159282466 Ni 0.2679996724538196 Cr 0.263485059367442 Co 0.1717527522504918 V 
Atom 15 weights: 0.3209635786251281 Ni 0.2455485806664339 Cr 0.2677478749415333 Co 0.1657399657669047 V 
Atom 16 weights: 0.2516927211661417 Ni 0.2441533006442836 Cr 0.2923861877254137 Co 0.21176779046416108 V 
HEA binding free energy: 1.2888600558300398 eV, Target: 1.6 eV
Entropy: 21.446145178628726

Iteration 12, eta = 0.2
Atom 1 weights: 0.58692680077316 Ni 0.0 Cr 0.41307319922684 Co 0.0 V 
Atom 2 weights: 0.21605080748738142 Ni 0.2330277963305381 Cr 0.16573859920175354 Co 0.38518279698032687 V 
Atom 3 weights: 0.1701787811252461 Ni 0.22852338149570608 Cr 0.20030955195299935 Co 0.4009882854260485 V 
Atom 4 weights: 0.2908354130702416 Ni 0.24461776544512157 Cr 0.26215821126453615 Co 0.20238861022010074 V 
Atom 5 weights: 0.3229749313270681 Ni 0.21901986148946917 Cr 0.24249584977684943 Co 0.21550935740661328 V 
Atom 6 weights: 0.2947503034083272 Ni 0.3003680531568302 Cr 0.24193721559074136 Co 0.16294442784410126 V 
Atom 7 weights: 0.23795621009845921 Ni 0.24559476408904182 Cr 0.2941940348465484 Co 0.22225499096595058 V 
Atom 8 weights: 0.2860119252203173 Ni 0.219244491365415 Cr 0.24544858857188026 Co 0.24929499484238743 V 
Atom 9 weights: 0.23933769764585627 Ni 0.2666321813904359 Cr 0.261351069294176 Co 0.2326790516695318 V 
Atom 10 weights: 0.17090933730797808 Ni 0.21542726040982205 Cr 0.13410848883670906 Co 0.47955491344549084 V 
Atom 11 weights: 0.13353542990076503 Ni 0.20849985697603982 Cr 0.17585499092218343 Co 0.4821097222010118 V 
Atom 12 weights: 0.15402899308182144 Ni 0.27286131991665835 Cr 0.2141380502604714 Co 0.3589716367410488 V 
Atom 13 weights: 0.3045766506091064 Ni 0.28576454499521337 Cr 0.2635272645492394 Co 0.1461315398464409 V 
Atom 14 weights: 0.2959538973951218 Ni 0.2690758422203322 Cr 0.25833818228898175 Co 0.17663207809556428 V 
Atom 15 weights: 0.32331134196124256 Ni 0.24338841233784553 Cr 0.26286984608326847 Co 0.17043039961764356 V 
Atom 16 weights: 0.2425671547565463 Ni 0.24171171551445636 Cr 0.2900011217205719 Co 0.2257200080084255 V 
HEA binding free energy: 1.6285998606107943 eV, Target: 1.6 eV
Entropy: 20.911775269418804

Iteration 13, eta = 0.2
Atom 1 weights: 0.5871186140968321 Ni 2.7755575615628914e-17 Cr 0.4128813859031678 Co 2.7755575615628914e-17 V 
Atom 2 weights: 0.21607071361018276 Ni 0.23300602733552628 Cr 0.16565933287614046 Co 0.38526392617815053 V 
Atom 3 weights: 0.17011984949364126 Ni 0.22849481726458473 Cr 0.2002965090544333 Co 0.4010888241873407 V 
Atom 4 weights: 0.29094144592735194 Ni 0.24460891301055618 Cr 0.2622081240505433 Co 0.20224151701154852 V 
Atom 5 weights: 0.3231251839476239 Ni 0.21896652273380635 Cr 0.24249918700789463 Co 0.21540910631067514 V 
Atom 6 weights: 0.29486766778902107 Ni 0.30046712072560633 Cr 0.24195700970905945 Co 0.16270820177631312 V 
Atom 7 weights: 0.23797833993800588 Ni 0.24559630925489068 Cr 0.2943148331880976 Co 0.2221105176190059 V 
Atom 8 weights: 0.2861103097963041 Ni 0.21919457903818473 Cr 0.24547106146433118 Co 0.24922404970117992 V 
Atom 9 weights: 0.2392840841972282 Ni 0.266657363150176 Cr 0.2613402816020979 Co 0.23271827105049814 V 
Atom 10 weights: 0.17069708493901087 Ni 0.21535093892043045 Cr 0.13383467555524972 Co 0.48011730058530894 V 
Atom 11 weights: 0.13323999931895525 Ni 0.20840797661975094 Cr 0.1756417248813352 Co 0.4827102991799587 V 
Atom 12 weights: 0.15383622593023796 Ni 0.27289928234289496 Cr 0.21405544962385248 Co 0.35920904210301463 V 
Atom 13 weights: 0.3046167389399584 Ni 0.28581887986151333 Cr 0.26349801450188987 Co 0.14606636669663842 V 
Atom 14 weights: 0.295979627069653 Ni 0.26910018203049546 Cr 0.25830051381910996 Co 0.17661967708074153 V 
Atom 15 weights: 0.3233874251320424 Ni 0.2433670516195202 Cr 0.2628412529348966 Co 0.17040427031354088 V 
Atom 16 weights: 0.24248074418123716 Ni 0.24168445918416834 Cr 0.2900059834596411 Co 0.22582881317495346 V 
HEA binding free energy: 1.6231705253800104 eV, Target: 1.6 eV
Entropy: 20.90968434239362

Iteration 14, eta = 0.4
Atom 1 weights: 0.5871186140968321 Ni 2.7755575615628914e-17 Cr 0.4128813859031678 Co 2.7755575615628914e-17 V 
Atom 2 weights: 0.21607071361018276 Ni 0.23300602733552628 Cr 0.16565933287614046 Co 0.38526392617815053 V 
Atom 3 weights: 0.17011984949364126 Ni 0.22849481726458473 Cr 0.2002965090544333 Co 0.4010888241873407 V 
Atom 4 weights: 0.29094144592735194 Ni 0.24460891301055618 Cr 0.2622081240505433 Co 0.20224151701154852 V 
Atom 5 weights: 0.3231251839476239 Ni 0.21896652273380635 Cr 0.24249918700789463 Co 0.21540910631067514 V 
Atom 6 weights: 0.29486766778902107 Ni 0.30046712072560633 Cr 0.24195700970905945 Co 0.16270820177631312 V 
Atom 7 weights: 0.23797833993800588 Ni 0.24559630925489068 Cr 0.2943148331880976 Co 0.2221105176190059 V 
Atom 8 weights: 0.2861103097963041 Ni 0.21919457903818473 Cr 0.24547106146433118 Co 0.24922404970117992 V 
Atom 9 weights: 0.2392840841972282 Ni 0.266657363150176 Cr 0.2613402816020979 Co 0.23271827105049814 V 
Atom 10 weights: 0.17069708493901087 Ni 0.21535093892043045 Cr 0.13383467555524972 Co 0.48011730058530894 V 
Atom 11 weights: 0.13323999931895525 Ni 0.20840797661975094 Cr 0.1756417248813352 Co 0.4827102991799587 V 
Atom 12 weights: 0.15383622593023796 Ni 0.27289928234289496 Cr 0.21405544962385248 Co 0.35920904210301463 V 
Atom 13 weights: 0.3046167389399584 Ni 0.28581887986151333 Cr 0.26349801450188987 Co 0.14606636669663842 V 
Atom 14 weights: 0.295979627069653 Ni 0.26910018203049546 Cr 0.25830051381910996 Co 0.17661967708074153 V 
Atom 15 weights: 0.3233874251320424 Ni 0.2433670516195202 Cr 0.2628412529348966 Co 0.17040427031354088 V 
Atom 16 weights: 0.24248074418123716 Ni 0.24168445918416834 Cr 0.2900059834596411 Co 0.22582881317495346 V 
HEA binding free energy: 1.6187605442075614 eV, Target: 1.6 eV
Entropy: 20.90968434239362

Iteration 15, eta = 0.4
Atom 1 weights: 0.594652576966839 Ni 0.0 Cr 0.405347423033161 Co 0.0 V 
Atom 2 weights: 0.2115287443833555 Ni 0.23132297489270343 Cr 0.156626078525031 Co 0.4005222021989101 V 
Atom 3 weights: 0.16156160278540296 Ni 0.22643064906119048 Cr 0.19466479321361893 Co 0.41734295493978774 V 
Atom 4 weights: 0.29377307997920593 Ni 0.24397088488605387 Cr 0.2624704565470358 Co 0.19978557858770443 V 
Atom 5 weights: 0.3293899001089689 Ni 0.21605193659610678 Cr 0.24137092151353717 Co 0.2131872417813872 V 
Atom 6 weights: 0.29859211558516463 Ni 0.3050620361071538 Cr 0.2408356562695553 Co 0.15551019203812627 V 
Atom 7 weights: 0.23637013800206041 Ni 0.24511743357136878 Cr 0.297949773518114 Co 0.22056265490845683 V 
Atom 8 weights: 0.28886911809725363 Ni 0.21627773775342718 Cr 0.24453146092146058 Co 0.25032168322785864 V 
Atom 9 weights: 0.23913705006463098 Ni 0.26834113996807096 Cr 0.2631629850043415 Co 0.22935882496295654 V 
Atom 10 weights: 0.1638319560233779 Ni 0.21223792549114565 Cr 0.12353333727963199 Co 0.5003967812058445 V 
Atom 11 weights: 0.12288084850975958 Ni 0.20464711539726202 Cr 0.16916471948863188 Co 0.5033073166043465 V 
Atom 12 weights: 0.14477044275142653 Ni 0.27500606031932395 Cr 0.21057352685466615 Co 0.3696499700745834 V 
Atom 13 weights: 0.31068644747102425 Ni 0.28930208200636276 Cr 0.26569122917131244 Co 0.13432024135130047 V 
Atom 14 weights: 0.30120057061470024 Ni 0.2710287798368685 Cr 0.25996706922733326 Co 0.16780358032109793 V 
Atom 15 weights: 0.33118037114741034 Ni 0.24291921944191283 Cr 0.2649659422753758 Co 0.16093446713530113 V 
Atom 16 weights: 0.24277461912665527 Ni 0.24107847375317934 Cr 0.2946084668356729 Co 0.22153844028449257 V 
HEA binding free energy: 1.612979896973452 eV, Target: 1.6 eV
Entropy: 20.794135382096933

Iteration 16, eta = 0.4
Atom 1 weights: 0.6570722977850787 Ni 0.0 Cr 0.34292770221492125 Co 0.0 V 
Atom 2 weights: 0.19011346673516344 Ni 0.22012427900043646 Cr 0.09723200326328557 Co 0.4925302510011146 V 
Atom 3 weights: 0.10566885077791595 Ni 0.21184660149372297 Cr 0.16150200539772236 Co 0.5209825423306387 V 
Atom 4 weights: 0.32970341205666187 Ni 0.24116652083451562 Cr 0.2765082721182512 Co 0.15262179499057138 V 
Atom 5 weights: 0.38785747784470936 Ni 0.19342204794109855 Cr 0.23890631123023448 Co 0.17981416298395758 V 
Atom 6 weights: 0.3360224733249675 Ni 0.34387066132348354 Cr 0.23815615562950396 Co 0.08195070972204506 V 
Atom 7 weights: 0.23050226335708168 Ni 0.24244730946610468 Cr 0.334328486095379 Co 0.19272194108143456 V 
Atom 8 weights: 0.318907766991231 Ni 0.19368107961461606 Cr 0.2437886541886676 Co 0.24362249920548534 V 
Atom 9 weights: 0.2328528043597729 Ni 0.2811845481820605 Cr 0.2733627580550161 Co 0.21259988940315058 V 
Atom 10 weights: 0.10133351327102866 Ni 0.1856065386007101 Cr 0.03346333807393108 Co 0.6795966100543303 V 
Atom 11 weights: 0.03171176811158004 Ni 0.17269903074216042 Cr 0.11018523856235506 Co 0.6854039625839046 V 
Atom 12 weights: 0.06703390956159147 Ni 0.2913928315995348 Cr 0.17867950429577825 Co 0.46289375454309545 V 
Atom 13 weights: 0.3463297909947402 Ni 0.31527538155938145 Cr 0.27077372187643917 Co 0.06762110556943908 V 
Atom 14 weights: 0.33079478577783383 Ni 0.2845610624125276 Cr 0.2615759980793132 Co 0.12306815373032552 V 
Atom 15 weights: 0.38140872547857174 Ni 0.23709474707457942 Cr 0.26997322595969236 Co 0.1115233014871564 V 
Atom 16 weights: 0.23128947682132311 Ni 0.23384042876200056 Cr 0.3193961607809143 Co 0.2154739336357621 V 
HEA binding free energy: 1.6397380507076542 eV, Target: 1.6 eV
Entropy: 19.470611840924946

Iteration 17, eta = 0.4
Atom 1 weights: 0.7459255686362622 Ni 0.0 Cr 0.2540744313637377 Co 0.0 V 
Atom 2 weights: 0.15629338476637467 Ni 0.20371108459003062 Cr 0.00925446839244877 Co 0.6307410622511458 V 
Atom 3 weights: 0.023638569098129947 Ni 0.19083421720226795 Cr 0.11232452330454613 Co 0.673202690395056 V 
Atom 4 weights: 0.37394392430933904 Ni 0.23581779206716405 Cr 0.2898623896355404 Co 0.10037589398795654 V 
Atom 5 weights: 0.46908187494545867 Ni 0.16033742564036813 Cr 0.2328565207942967 Co 0.13772417861987646 V 
Atom 6 weights: 0.3810568785853594 Ni 0.3931272974242984 Cr 0.2258158239903421 Co 8.326672684688674e-17 V 
Atom 7 weights: 0.2175201472395268 Ni 0.23760976424571048 Cr 0.3822407273298689 Co 0.16262936118489382 V 
Atom 8 weights: 0.35759793538070084 Ni 0.16032440097047337 Cr 0.23858158490596484 Co 0.24349607874286097 V 
Atom 9 weights: 0.22583951961672985 Ni 0.30010741686432774 Cr 0.2898916086305079 Co 0.18416145488843444 V 
Atom 10 weights: 2.7755575615628914e-17 Ni 0.10434067001027854 Cr 2.7755575615628914e-17 Co 0.8956593299897214 V 
Atom 11 weights: 1.6653345369377348e-16 Ni 0.08887663626108229 Cr 1.6653345369377348e-16 Co 0.9111233637389174 V 
Atom 12 weights: 8.326672684688674e-17 Ni 0.2998077639266916 Cr 0.1173689686297239 Co 0.5828232674435844 V 
Atom 13 weights: 0.38993165748700276 Ni 0.3400007981719527 Cr 0.2700675443410444 Co 5.551115123125783e-17 V 
Atom 14 weights: 0.37942332066470885 Ni 0.3051084708859925 Cr 0.26959714481403185 Co 0.04587106363526677 V 
Atom 15 weights: 0.45898099838391804 Ni 0.22960937527431619 Cr 0.28225272111784294 Co 0.029156905223922877 V 
Atom 16 weights: 0.22203509702786972 Ni 0.22476403662400057 Cr 0.3616584186534303 Co 0.19154244769469936 V 
HEA binding free energy: 1.6035761462079328 eV, Target: 1.6 eV
Entropy: 16.495953108183823

Iteration 18, eta = 0.4
Atom 1 weights: 0.8083197487771047 Ni 0.0 Cr 0.19168025122289534 Co 0.0 V 
Atom 2 weights: 0.12007138230721202 Ni 0.1765513402199983 Cr 0.0 Co 0.7033772774727898 V 
Atom 3 weights: 0.0 Ni 0.1655907006443358 Cr 0.06865904100687353 Co 0.7657502583487907 V 
Atom 4 weights: 0.4093891026447268 Ni 0.23297840685304416 Cr 0.30360066364926946 Co 0.054031826852959465 V 
Atom 5 weights: 0.5268529683502673 Ni 0.1378154258228548 Cr 0.2302002243273744 Co 0.10513138149950357 V 
Atom 6 weights: 0.3938095299932029 Ni 0.4073939140080072 Cr 0.19879655599878995 Co 0.0 V 
Atom 7 weights: 0.21157696444724908 Ni 0.23490653073098208 Cr 0.4181935103811807 Co 0.1353229944405881 V 
Atom 8 weights: 0.3873627910429031 Ni 0.13786423526409666 Cr 0.23780663103315786 Co 0.23696634265984237 V 
Atom 9 weights: 0.2186549319611523 Ni 0.31268459811615235 Cr 0.2991324084572494 Co 0.16952806146544602 V 
Atom 10 weights: 0.0 Ni 0.0021452953225058052 Cr 0.0 Co 0.9978547046774942 V 
Atom 11 weights: 0.0 Ni 0.0 Cr 0.0 Co 1.0 V 
Atom 12 weights: 5.551115123125783e-17 Ni 0.29062355928689454 Cr 0.06077146421548896 Co 0.6486049764976165 V 
Atom 13 weights: 0.40324797021630376 Ni 0.34367864667605275 Cr 0.25307338310764343 Co 5.551115123125783e-17 V 
Atom 14 weights: 0.408940134761396 Ni 0.31855829331932684 Cr 0.2713471325594504 Co 0.0011544393598266964 V 
Atom 15 weights: 0.5021923624314611 Ni 0.21719255949640728 Cr 0.2806150780721316 Co 0.0 V 
Atom 16 weights: 0.21074273236813215 Ni 0.2175973675940912 Cr 0.3863301311493402 Co 0.1853297688884363 V 
HEA binding free energy: 1.6569212379861957 eV, Target: 1.6 eV
Entropy: 14.804674281223777

Iteration 19, eta = 0.4
Atom 1 weights: 0.8644376107077378 Ni 5.551115123125783e-17 Cr 0.1355623892922621 Co 5.551115123125783e-17 V 
Atom 2 weights: 0.08109349692611033 Ni 0.14808240069516554 Cr 0.0 Co 0.7708241023787241 V 
Atom 3 weights: 0.0 Ni 0.13382684129075748 Cr 0.017455912521136062 Co 0.8487172461881064 V 
Atom 4 weights: 0.44183894421240555 Ni 0.23032478168407436 Cr 0.31593916615955087 Co 0.011897107943969275 V 
Atom 5 weights: 0.5795885267470366 Ni 0.1167512491368725 Cr 0.22681084144057448 Co 0.07684938267551641 V 
Atom 6 weights: 0.40574510663273416 Ni 0.4205613466807073 Cr 0.17369354668655865 Co 0.0 V 
Atom 7 weights: 0.20576966496087945 Ni 0.23225207515679033 Cr 0.4513534569694549 Co 0.11062480291287535 V 
Atom 8 weights: 0.41495914087153857 Ni 0.11686864698268949 Cr 0.23697155446429552 Co 0.23120065768147643 V 
Atom 9 weights: 0.2114587649850242 Ni 0.3245611341030114 Cr 0.30736527046002377 Co 0.1566148304519407 V 
Atom 10 weights: 0.0 Ni 0.0 Cr 0.0 Co 1.0 V 
Atom 11 weights: 0.0 Ni 0.0 Cr 0.0 Co 1.0 V 
Atom 12 weights: 5.551115123125783e-17 Ni 0.2820723066674951 Cr 0.008406712293639873 Co 0.709520981038865 V 
Atom 13 weights: 0.41618761131921983 Ni 0.3461461088254179 Cr 0.23766627985536226 Co 5.551115123125783e-17 V 
Atom 14 weights: 0.423234186122714 Ni 0.31703374540350154 Cr 0.25973206847378444 Co 0.0 V 
Atom 15 weights: 0.5336115133941921 Ni 0.19613706512174775 Cr 0.27025142148406006 Co 0.0 V 
Atom 16 weights: 0.2023498913580125 Ni 0.21130336289012824 Cr 0.4112431922986408 Co 0.17510355345321849 V 
HEA binding free energy: 1.720094970891984 eV, Target: 1.6 eV
Entropy: 13.846133697023122

Iteration 20, eta = 0.4
Atom 1 weights: 0.9738025311515616 Ni 1.942890293094024e-16 Cr 0.026197468848438044 Co 1.942890293094024e-16 V 
Atom 2 weights: 0.0017290468467827669 Ni 0.09135774018531867 Cr 2.220446049250313e-16 Co 0.9069132129678984 V 
Atom 3 weights: 1.1102230246251565e-16 Ni 0.07135551966833137 Cr 1.1102230246251565e-16 Co 0.9286444803316685 V 
Atom 4 weights: 0.4883311077247702 Ni 0.19047235242221452 Cr 0.3211965398530153 Co 0.0 V 
Atom 5 weights: 0.6755269504353929 Ni 0.07371372669733084 Cr 0.211852272017621 Co 0.03890705084965516 V 
Atom 6 weights: 0.4311568135905779 Ni 0.4437902479500695 Cr 0.12505293845935259 Co 0.0 V 
Atom 7 weights: 0.19695519351555463 Ni 0.2272298707157775 Cr 0.5196821856639685 Co 0.05613275010469935 V 
Atom 8 weights: 0.4670580236730516 Ni 0.07413247980832344 Cr 0.23261055334002806 Co 0.2261989431785969 V 
Atom 9 weights: 0.2019294053244555 Ni 0.3494890202354797 Cr 0.3282464089793256 Co 0.12033516546073932 V 
Atom 10 weights: 0.0 Ni 0.0 Cr 0.0 Co 1.0 V 
Atom 11 weights: 0.0 Ni 0.0 Cr 0.0 Co 1.0 V 
Atom 12 weights: 5.551115123125783e-17 Ni 0.2248547748380733 Cr 5.551115123125783e-17 Co 0.7751452251619266 V 
Atom 13 weights: 0.43182089904666776 Ni 0.35455017294833646 Cr 0.19828537300152055 Co 0.015343555003475291 V 
Atom 14 weights: 0.44160032074218486 Ni 0.3176202240784917 Cr 0.22799417708916705 Co 0.012785278090156418 V 
Atom 15 weights: 0.583506084569944 Ni 0.15837476245668464 Cr 0.23863871585885427 Co 0.019480437114517083 V 
Atom 16 weights: 0.16366946451477365 Ni 0.19561838733892414 Cr 0.4405033567957464 Co 0.20020879135055578 V 
HEA binding free energy: 1.7166252467544303 eV, Target: 1.6 eV
Entropy: 12.405749993115926

Iteration 21, eta = 0.4
Atom 1 weights: 0.9999999999999941 Ni 1.970645868709653e-15 Cr 1.970645868709653e-15 Co 1.970645868709653e-15 V 
Atom 2 weights: 0.0 Ni 0.0 Cr 0.0 Co 1.0 V 
Atom 3 weights: 0.0 Ni 0.0 Cr 0.0 Co 1.0 V 
Atom 4 weights: 0.5343495435080845 Ni 0.145039378584079 Cr 0.3206110779078365 Co 2.7755575615628914e-17 V 
Atom 5 weights: 0.7871896177962437 Ni 0.01704023337940918 Cr 0.195770148824347 Co 1.1102230246251565e-16 V 
Atom 6 weights: 0.45987351129486215 Ni 0.47112686462887815 Cr 0.06899962407625981 Co 0.0 V 
Atom 7 weights: 0.18501880945282023 Ni 0.2188082861329657 Cr 0.596172904414214 Co 2.7755575615628914e-17 V 
Atom 8 weights: 0.5335297480285055 Ni 0.026316033412522734 Cr 0.23398459341268843 Co 0.2061696251462833 V 
Atom 9 weights: 0.18717899427597948 Ni 0.3772634934024807 Cr 0.3486833862386173 Co 0.08687412608292265 V 
Atom 10 weights: 5.551115123125783e-17 Ni 5.551115123125783e-17 Cr 5.551115123125783e-17 Co 0.9999999999999999 V 
Atom 11 weights: 0.0 Ni 0.0 Cr 0.0 Co 1.0 V 
Atom 12 weights: 0.0 Ni 0.15202212669794388 Cr 0.0 Co 0.8479778733020561 V 
Atom 13 weights: 0.45306783060763234 Ni 0.36793010544403204 Cr 0.15652085116882006 Co 0.02248121277951555 V 
Atom 14 weights: 0.46696431545169015 Ni 0.32228565910319684 Cr 0.19584809023334657 Co 0.014901935211766477 V 
Atom 15 weights: 0.6485981507976168 Ni 0.1197248976533097 Cr 0.20992283978998014 Co 0.021754111759093295 V 
Atom 16 weights: 0.114581827926985 Ni 0.17682769931696013 Cr 0.4696784905995157 Co 0.23891198215653917 V 
HEA binding free energy: 1.5925468569435397 eV, Target: 1.6 eV
Entropy: 10.59170934344504

Iteration 22, eta = 0.4
Atom 1 weights: 1.0 Ni 0.0 Cr 0.0 Co 0.0 V 
Atom 2 weights: 0.0 Ni 0.0 Cr 0.0 Co 1.0 V 
Atom 3 weights: 1.6653345369377348e-16 Ni 1.6653345369377348e-16 Cr 1.6653345369377348e-16 Co 0.9999999999999996 V 
Atom 4 weights: 0.5697073121680677 Ni 0.11074208555603565 Cr 0.31346446536771977 Co 0.006086136908176901 V 
Atom 5 weights: 0.8556132831947287 Ni 5.551115123125783e-17 Cr 0.1443867168052712 Co 5.551115123125783e-17 V 
Atom 6 weights: 0.4863365758111822 Ni 0.4977713518537006 Cr 0.01589207233511716 Co 0.0 V 
Atom 7 weights: 0.1558488792013941 Ni 0.19396831166843698 Cr 0.6501828091301689 Co 0.0 V 
Atom 8 weights: 0.584307751775889 Ni 0.0 Cr 0.22390102703482812 Co 0.19179122118928288 V 
Atom 9 weights: 0.17675276990425554 Ni 0.40385449984249455 Cr 0.37095466965474944 Co 0.04843806059850046 V 
Atom 10 weights: 5.551115123125783e-17 Ni 5.551115123125783e-17 Cr 5.551115123125783e-17 Co 0.9999999999999999 V 
Atom 11 weights: 0.0 Ni 0.0 Cr 0.0 Co 1.0 V 
Atom 12 weights: 0.0 Ni 0.08721245033243619 Cr 0.0 Co 0.9127875496675639 V 
Atom 13 weights: 0.4845429576647886 Ni 0.3871379470407035 Cr 0.1283190952945079 Co 8.326672684688674e-17 V 
Atom 14 weights: 0.4976307196424363 Ni 0.33023732570717756 Cr 0.17213195465038608 Co 5.551115123125783e-17 V 
Atom 15 weights: 0.7151962198300748 Ni 0.08784808718034136 Cr 0.18821870286717327 Co 0.008736990122410691 V 
Atom 16 weights: 0.08213211289608706 Ni 0.16146241621624655 Cr 0.509810101216635 Co 0.24659536967103152 V 
HEA binding free energy: 1.7793375108998104 eV, Target: 1.6 eV
Entropy: 9.467490274753192

Iteration 23, eta = 0.4
Atom 1 weights: 1.0 Ni 0.0 Cr 0.0 Co 0.0 V 
Atom 2 weights: 0.0 Ni 0.0 Cr 0.0 Co 1.0 V 
Atom 3 weights: 0.0 Ni 0.0 Cr 0.0 Co 1.0 V 
Atom 4 weights: 0.6307105900516324 Ni 0.023249266170597402 Cr 0.2676819202935803 Co 0.07835822348418982 V 
Atom 5 weights: 0.9999999999999998 Ni 1.1102230246251565e-16 Cr 1.1102230246251565e-16 Co 1.1102230246251565e-16 V 
Atom 6 weights: 0.5004635986371695 Ni 0.4995364013628301 Cr 1.6653345369377348e-16 Co 1.6653345369377348e-16 V 
Atom 7 weights: 0.08919755988511464 Ni 0.11519477877357423 Cr 0.7956076613413112 Co 0.0 V 
Atom 8 weights: 0.7007064335148302 Ni 0.0 Cr 0.18384731840178045 Co 0.11544624808338941 V 
