Initilizing minimization for species Ni Cr Co V 

Target: 1.6 eV
Performing first surface calculations...
Surface calculations successfully finished.
Initial entropy parameter eta set to 0.05
_____________________________________________________________________
Beginning minimzation


Iteration 1, eta = 0.05
Atom 1 weights: 0.20200933740515095 Ni 0.2752830297037613 Cr 0.26055587802130264 Co 0.2621517548697852 V 
Atom 2 weights: 0.28032541203960964 Ni 0.2267996925578051 Cr 0.24869456385692934 Co 0.24418033154565588 V 
Atom 3 weights: 0.23585452387830563 Ni 0.23871997739166778 Cr 0.2571770305097764 Co 0.26824846822025 V 
Atom 4 weights: 0.25884166714973 Ni 0.21163745794953348 Cr 0.2583178700792875 Co 0.271203004821449 V 
Atom 5 weights: 0.25830263746374243 Ni 0.2248371922412807 Cr 0.2517942957992989 Co 0.265065874495678 V 
Atom 6 weights: 0.22714902317652674 Ni 0.24901890447414657 Cr 0.25741155428152696 Co 0.26642051806779976 V 
Atom 7 weights: 0.24759438438841885 Ni 0.19541270092530183 Cr 0.2920945019827349 Co 0.26489841270354453 V 
Atom 8 weights: 0.2805995118251364 Ni 0.27228645818337843 Cr 0.19360341685677904 Co 0.25351061313470596 V 
Atom 9 weights: 0.28436921449673785 Ni 0.21452408014786256 Cr 0.2477077794702327 Co 0.2533989258851668 V 
Atom 10 weights: 0.2611557848564835 Ni 0.2348744571300265 Cr 0.2901233333042429 Co 0.2138464247092471 V 
Atom 11 weights: 0.2578636129627544 Ni 0.19940647831440814 Cr 0.26931840219838243 Co 0.27341150652445506 V 
Atom 12 weights: 0.23382325060884063 Ni 0.27929265989870317 Cr 0.23920808228793447 Co 0.24767600720452168 V 
Atom 13 weights: 0.23326763045848362 Ni 0.23004847061050854 Cr 0.2602518544381597 Co 0.2764320444928482 V 
Atom 14 weights: 0.246141817910226 Ni 0.2503910673562957 Cr 0.26749424653260634 Co 0.2359728682008719 V 
Atom 15 weights: 0.2616389076232848 Ni 0.2144866468685589 Cr 0.2468036185793024 Co 0.27707082692885404 V 
Atom 16 weights: 0.21802948643662426 Ni 0.2628600323947061 Cr 0.26932632112480026 Co 0.24978416004386952 V 
HEA binding free energy: 0.47545241425402107 eV, Target: 1.6 eV
Entropy: 22.10898269341626

Iteration 2, eta = 0.05
Atom 1 weights: 0.20009031244927633 Ni 0.2747118254419327 Cr 0.25869537068524345 Co 0.2665024914235476 V 
Atom 2 weights: 0.27921544010892907 Ni 0.2265965520220739 Cr 0.24766447429595892 Co 0.24652353357303816 V 
Atom 3 weights: 0.23487940409482463 Ni 0.23853854350318413 Cr 0.25627342407017295 Co 0.27030862833181823 V 
Atom 4 weights: 0.25762295899154913 Ni 0.2114305693614137 Cr 0.25719004194825046 Co 0.2737564296987868 V 
Atom 5 weights: 0.2580940460596496 Ni 0.2248125268718545 Cr 0.25160488993175345 Co 0.26548853713674236 V 
Atom 6 weights: 0.2270735372334802 Ni 0.2490155964932547 Cr 0.2573465565644414 Co 0.2665643097088237 V 
Atom 7 weights: 0.24731125817677993 Ni 0.19538130795066722 Cr 0.291837653647409 Co 0.26546978022514395 V 
Atom 8 weights: 0.28067153433474934 Ni 0.2723076356287124 Cr 0.19367218574006095 Co 0.2533486442964772 V 
Atom 9 weights: 0.2856338914402041 Ni 0.21474609608971196 Cr 0.24887922389494407 Co 0.25074078857513993 V 
Atom 10 weights: 0.26222033974235837 Ni 0.2350620597665991 Cr 0.2911119388311959 Co 0.21160566165984665 V 
Atom 11 weights: 0.25928752304971564 Ni 0.19965481094643683 Cr 0.2706420999266439 Co 0.2704155660772036 V 
Atom 12 weights: 0.23402303448314127 Ni 0.27932629834663714 Cr 0.2393902341402339 Co 0.24726043302998774 V 
Atom 13 weights: 0.23395944566528987 Ni 0.23015243618397946 Cr 0.2608840591794879 Co 0.27500405897124275 V 
Atom 14 weights: 0.24670175781866294 Ni 0.25047086278778996 Cr 0.26800371107525156 Co 0.2348236683182955 V 
Atom 15 weights: 0.2622307745893239 Ni 0.21457125118898668 Cr 0.24734375312943654 Co 0.2758542210922529 V 
Atom 16 weights: 0.21882219689097895 Ni 0.2629874823844917 Cr 0.2700515653825262 Co 0.2481387553420032 V 
HEA binding free energy: 0.4902460723015269 eV, Target: 1.6 eV
Entropy: 22.107929973434718

Iteration 3, eta = 0.05
Atom 1 weights: 0.19847577823898638 Ni 0.2736701849044609 Cr 0.25691287009007124 Co 0.27094116676648144 V 
Atom 2 weights: 0.2795409559184228 Ni 0.22660728754042397 Cr 0.24794799637769396 Co 0.2459037601634593 V 
Atom 3 weights: 0.23497813173063603 Ni 0.23852438633055592 Cr 0.25635332532693056 Co 0.2701441566118775 V 
Atom 4 weights: 0.2575044589954638 Ni 0.21142744839481475 Cr 0.2570823254885307 Co 0.27398576712119066 V 
Atom 5 weights: 0.25914140681413705 Ni 0.22503941652248274 Cr 0.25258889071816704 Co 0.26323028594521314 V 
Atom 6 weights: 0.22878365919418314 Ni 0.24932396110161356 Cr 0.2589384160625918 Co 0.2629539636416115 V 
Atom 7 weights: 0.24853035911087726 Ni 0.19561787863108676 Cr 0.292983422626777 Co 0.2628683396312589 V 
Atom 8 weights: 0.2818547111558351 Ni 0.27256616350585877 Cr 0.1947757320404415 Co 0.25080339329786466 V 
Atom 9 weights: 0.28505740770523236 Ni 0.21466637643125913 Cr 0.24833885247939624 Co 0.2519373633841122 V 
Atom 10 weights: 0.26332453231282565 Ni 0.2352887075763801 Cr 0.292152505726701 Co 0.20923425438409327 V 
Atom 11 weights: 0.2609577679425376 Ni 0.19997210829531722 Cr 0.2722086836319597 Co 0.26686144013018553 V 
Atom 12 weights: 0.23368887407670685 Ni 0.2793303776203848 Cr 0.2390948650945644 Co 0.24788588320834398 V 
Atom 13 weights: 0.23326913516088116 Ni 0.2300220052612849 Cr 0.26024425720104216 Co 0.2764646023767918 V 
Atom 14 weights: 0.2460710380543211 Ni 0.25031210317968067 Cr 0.26740945517614945 Co 0.23620740358984887 V 
Atom 15 weights: 0.26061759210136576 Ni 0.214231568797868 Cr 0.24583293186374783 Co 0.2793179072370185 V 
Atom 16 weights: 0.21798608208772802 Ni 0.2628306415312316 Cr 0.2692799916937329 Co 0.24990328468730758 V 
HEA binding free energy: 0.6544536008695473 eV, Target: 1.6 eV
Entropy: 22.10702883636992

Iteration 4, eta = 0.1
Atom 1 weights: 0.19847577823898638 Ni 0.2736701849044609 Cr 0.25691287009007124 Co 0.27094116676648144 V 
Atom 2 weights: 0.2795409559184228 Ni 0.22660728754042397 Cr 0.24794799637769396 Co 0.2459037601634593 V 
Atom 3 weights: 0.23497813173063603 Ni 0.23852438633055592 Cr 0.25635332532693056 Co 0.2701441566118775 V 
Atom 4 weights: 0.2575044589954638 Ni 0.21142744839481475 Cr 0.2570823254885307 Co 0.27398576712119066 V 
Atom 5 weights: 0.25914140681413705 Ni 0.22503941652248274 Cr 0.25258889071816704 Co 0.26323028594521314 V 
Atom 6 weights: 0.22878365919418314 Ni 0.24932396110161356 Cr 0.2589384160625918 Co 0.2629539636416115 V 
Atom 7 weights: 0.24853035911087726 Ni 0.19561787863108676 Cr 0.292983422626777 Co 0.2628683396312589 V 
Atom 8 weights: 0.2818547111558351 Ni 0.27256616350585877 Cr 0.1947757320404415 Co 0.25080339329786466 V 
Atom 9 weights: 0.28505740770523236 Ni 0.21466637643125913 Cr 0.24833885247939624 Co 0.2519373633841122 V 
Atom 10 weights: 0.26332453231282565 Ni 0.2352887075763801 Cr 0.292152505726701 Co 0.20923425438409327 V 
Atom 11 weights: 0.2609577679425376 Ni 0.19997210829531722 Cr 0.2722086836319597 Co 0.26686144013018553 V 
Atom 12 weights: 0.23368887407670685 Ni 0.2793303776203848 Cr 0.2390948650945644 Co 0.24788588320834398 V 
Atom 13 weights: 0.23326913516088116 Ni 0.2300220052612849 Cr 0.26024425720104216 Co 0.2764646023767918 V 
Atom 14 weights: 0.2460710380543211 Ni 0.25031210317968067 Cr 0.26740945517614945 Co 0.23620740358984887 V 
Atom 15 weights: 0.26061759210136576 Ni 0.214231568797868 Cr 0.24583293186374783 Co 0.2793179072370185 V 
Atom 16 weights: 0.21798608208772802 Ni 0.2628306415312316 Cr 0.2692799916937329 Co 0.24990328468730758 V 
HEA binding free energy: 0.42132178041278107 eV, Target: 1.6 eV
Entropy: 22.10702883636992

Iteration 5, eta = 0.1
Atom 1 weights: 0.20755911975901717 Ni 0.2693555057600271 Cr 0.26295234490064523 Co 0.26013302958031054 V 
Atom 2 weights: 0.281725228423618 Ni 0.22681272802722324 Cr 0.24988231797062285 Co 0.24157972557853596 V 
Atom 3 weights: 0.23691739194536407 Ni 0.23873890957982066 Cr 0.25811591297057057 Co 0.26622778550424464 V 
Atom 4 weights: 0.2594785803780466 Ni 0.21168818535178033 Cr 0.2588977881477183 Co 0.26993544612245485 V 
Atom 5 weights: 0.25959326908544583 Ni 0.22513057385849045 Cr 0.2530157217453049 Co 0.26226043531075877 V 
Atom 6 weights: 0.22910298205930793 Ni 0.2495057520245517 Cr 0.2593070735276777 Co 0.2620841923884627 V 
Atom 7 weights: 0.24895276295422455 Ni 0.19572111025187203 Cr 0.2934492878693771 Co 0.2618768389245264 V 
Atom 8 weights: 0.2823826327234845 Ni 0.2727553308558899 Cr 0.19521492408393853 Co 0.24964711233668702 V 
Atom 9 weights: 0.2847736287952578 Ni 0.2146058939188507 Cr 0.24805557920614507 Co 0.2525648980797464 V 
Atom 10 weights: 0.26257432803735936 Ni 0.23517028841830695 Cr 0.2914979497551467 Co 0.2107574337891871 V 
Atom 11 weights: 0.2601766258375594 Ni 0.1998225975451309 Cr 0.27150998431475026 Co 0.2684907923025595 V 
Atom 12 weights: 0.23311373910458097 Ni 0.2793235156624407 Cr 0.2385986334229601 Co 0.24896411181001835 V 
Atom 13 weights: 0.23149112361786728 Ni 0.22970170470127382 Cr 0.25862683280269433 Co 0.2801803388781646 V 
Atom 14 weights: 0.24438076762560923 Ni 0.2500219091145495 Cr 0.26587049520295997 Co 0.23972682805688136 V 
Atom 15 weights: 0.25852413340647373 Ni 0.2138554847935896 Cr 0.24388857559306656 Co 0.2837318062068701 V 
Atom 16 weights: 0.2159275886716951 Ni 0.2624834705306429 Cr 0.2674266970625906 Co 0.25416224373507146 V 
HEA binding free energy: 0.4593281842399933 eV, Target: 1.6 eV
Entropy: 22.10942416166042

Iteration 6, eta = 0.1
Atom 1 weights: 0.28569654967448727 Ni 0.2370664769695697 Cr 0.316791972723828 Co 0.16044500063211514 V 
Atom 2 weights: 0.3083760698158826 Ni 0.23009774751591416 Cr 0.27384277707284793 Co 0.1876834055953553 V 
Atom 3 weights: 0.2628178600824195 Ni 0.24230735812204982 Cr 0.28179693668367206 Co 0.2130778451118587 V 
Atom 4 weights: 0.2817342927672627 Ni 0.21479841875559458 Cr 0.2793653348994527 Co 0.22410195357769 V 
Atom 5 weights: 0.26812349760041787 Ni 0.2266753853256387 Cr 0.2609604684042047 Co 0.24424064866973877 V 
Atom 6 weights: 0.2369044699672324 Ni 0.25174678799255223 Cr 0.26704278616601373 Co 0.24430595587420165 V 
Atom 7 weights: 0.25667252781179634 Ni 0.19723789219541393 Cr 0.3011664537927864 Co 0.24492312620000328 V 
Atom 8 weights: 0.29139121812078694 Ni 0.275056991645685 Cr 0.2031247978369837 Co 0.2304269923965444 V 
Atom 9 weights: 0.27603636132638354 Ni 0.21302454340659213 Cr 0.23979634687713514 Co 0.2711427483898893 V 
Atom 10 weights: 0.2528411245806246 Ni 0.2334873060173031 Cr 0.2827678154444574 Co 0.23090375395761492 V 
Atom 11 weights: 0.2500987064913972 Ni 0.19791274813378693 Cr 0.26233654156437336 Co 0.28965200381044254 V 
Atom 12 weights: 0.22381698298582187 Ni 0.2782489871166785 Cr 0.23023702927973874 Co 0.267697000617761 V 
Atom 13 weights: 0.20626477120601236 Ni 0.22526285851180725 Cr 0.23554669155540178 Co 0.33292567872677864 V 
Atom 14 weights: 0.22076981898040748 Ni 0.24590481755769159 Cr 0.24425183398714803 Co 0.28907352947475295 V 
Atom 15 weights: 0.23317189269915684 Ni 0.20938522385642647 Cr 0.22040181761351524 Co 0.33704106583090143 V 
Atom 16 weights: 0.19042557321791306 Ni 0.25805627740286985 Cr 0.2442754938028305 Co 0.30724265557638664 V 
HEA binding free energy: 0.7736034359702569 eV, Target: 1.6 eV
Entropy: 22.018897438998525

Iteration 7, eta = 0.1
Atom 1 weights: 0.42747894520627505 Ni 0.16181004181533437 Cr 0.4107110129783905 Co 0.0 V 
Atom 2 weights: 0.3603369824470827 Ni 0.23640524470931662 Cr 0.32052658133527323 Co 0.0827311915083276 V 
Atom 3 weights: 0.3136531891166052 Ni 0.24922212863720697 Cr 0.3282796040447147 Co 0.1088450782014731 V 
Atom 4 weights: 0.3250407348087137 Ni 0.22083782001687532 Cr 0.31920423656138736 Co 0.13491720861302367 V 
Atom 5 weights: 0.2877390002995281 Ni 0.2301186231835098 Cr 0.27918578038970465 Co 0.2029565961272573 V 
Atom 6 weights: 0.25410693629460734 Ni 0.25649333250419715 Cr 0.28398563354146567 Co 0.2054140976597298 V 
Atom 7 weights: 0.2735424840710951 Ni 0.20043937797763725 Cr 0.3179206323656323 Co 0.2080975055856353 V 
Atom 8 weights: 0.3120962138462736 Ni 0.2800735862387427 Cr 0.22135545077557392 Co 0.18647474913940984 V 
Atom 9 weights: 0.261130862579848 Ni 0.2103224339895634 Cr 0.22565900138944664 Co 0.302887702041142 V 
Atom 10 weights: 0.236830179110777 Ni 0.23075045371465505 Cr 0.2685373168342014 Co 0.26388205034036644 V 
Atom 11 weights: 0.23366774686454933 Ni 0.19471616164555133 Cr 0.2474576934775652 Co 0.32415839801233415 V 
Atom 12 weights: 0.20833021656618525 Ni 0.276760637686017 Cr 0.21640369834590195 Co 0.2985054474018959 V 
Atom 13 weights: 0.1540480536994834 Ni 0.21603904133948523 Cr 0.18776176209174542 Co 0.442151142869286 V 
Atom 14 weights: 0.17193235281038494 Ni 0.23734346142831914 Cr 0.19952174664415717 Co 0.3912024391171388 V 
Atom 15 weights: 0.1811757670532277 Ni 0.20016436847396207 Cr 0.17221218307832728 Co 0.4464476813944831 V 
Atom 16 weights: 0.13696772598169166 Ni 0.24873737515715896 Cr 0.1957246028726878 Co 0.41857029598846157 V 
HEA binding free energy: 1.196627315733245 eV, Target: 1.6 eV
Entropy: 21.17176020817685

Iteration 8, eta = 0.1
Atom 1 weights: 0.3991855714261899 Ni 0.1765543390678351 Cr 0.3918373222274266 Co 0.032422767278548516 V 
Atom 2 weights: 0.34826091106896434 Ni 0.2348656132855257 Cr 0.30962978984949485 Co 0.10724368579601501 V 
Atom 3 weights: 0.3026633409167859 Ni 0.2476847835118602 Cr 0.31822217862665825 Co 0.13142969694469567 V 
Atom 4 weights: 0.3166360096940641 Ni 0.2196528032711264 Cr 0.3114697489893611 Co 0.15224143804544846 V 
Atom 5 weights: 0.28377231171405515 Ni 0.22941519777526428 Cr 0.2754966236915225 Co 0.2113158668191581 V 
Atom 6 weights: 0.25052758172066514 Ni 0.255513898042002 Cr 0.28046833310013475 Co 0.21349018713719808 V 
Atom 7 weights: 0.26982988739269664 Ni 0.19973096806215238 Cr 0.3142594480611306 Co 0.21617969648402036 V 
Atom 8 weights: 0.30793937762238066 Ni 0.2790660573594965 Cr 0.21767640785830947 Co 0.19531815715981343 V 
Atom 9 weights: 0.26496126883340687 Ni 0.21102615911379305 Cr 0.22927538549457505 Co 0.2947371865582251 V 
Atom 10 weights: 0.24089167259267075 Ni 0.23145646180271068 Cr 0.2721890133466366 Co 0.25546285225798204 V 
Atom 11 weights: 0.237888187952786 Ni 0.1955134079329671 Cr 0.25130520549482604 Co 0.31529319861942084 V 
Atom 12 weights: 0.2125058706538979 Ni 0.2772742796376079 Cr 0.22017109101202417 Co 0.29004875869647007 V 
Atom 13 weights: 0.16443618935069299 Ni 0.2178746536631764 Cr 0.19727557426758208 Co 0.42041358271854856 V 
Atom 14 weights: 0.18133044868281778 Ni 0.23901666632733634 Cr 0.20813801681503782 Co 0.37151486817480806 V 
Atom 15 weights: 0.19135923206912966 Ni 0.2019935985844278 Cr 0.18165645017801194 Co 0.4249907191684307 V 
Atom 16 weights: 0.14763014063029561 Ni 0.25060467021177363 Cr 0.2054206925795828 Co 0.396344496578348 V 
HEA binding free energy: 1.2955404048442316 eV, Target: 1.6 eV
Entropy: 21.45163233157651

Iteration 9, eta = 0.1
Atom 1 weights: 0.39940018382707954 Ni 0.17686421938826136 Cr 0.3921214336336372 Co 0.03161416315102178 V 
Atom 2 weights: 0.34805341559987235 Ni 0.23483989434135694 Cr 0.30943900921858225 Co 0.10766768084018843 V 
Atom 3 weights: 0.3023452078916708 Ni 0.24764098590635097 Cr 0.317934554248271 Co 0.13207925195370726 V 
Atom 4 weights: 0.3163516589299501 Ni 0.21960857555260058 Cr 0.31121020167618985 Co 0.1528295638412595 V 
Atom 5 weights: 0.28367926446343655 Ni 0.2293919000295615 Cr 0.2754079538268515 Co 0.21152088168015049 V 
Atom 6 weights: 0.25039539504017194 Ni 0.2554832051176147 Cr 0.2803462136715542 Co 0.21377518617065921 V 
Atom 7 weights: 0.26975363994087675 Ni 0.19970780954808517 Cr 0.31419148267132735 Co 0.21634706783971072 V 
Atom 8 weights: 0.3078304066849316 Ni 0.27904083250569045 Cr 0.21756367487322514 Co 0.1955650859361528 V 
Atom 9 weights: 0.2650706429192507 Ni 0.21104036543683236 Cr 0.2293726419898182 Co 0.29451634965409884 V 
Atom 10 weights: 0.2408981820958711 Ni 0.2314567566772749 Cr 0.2721983690864107 Co 0.25544669214044335 V 
Atom 11 weights: 0.23785433860258148 Ni 0.1955034413191021 Cr 0.2512753610814715 Co 0.31536685899684486 V 
Atom 12 weights: 0.21237214421044434 Ni 0.27725383734584824 Cr 0.2200480076013846 Co 0.29032601084232285 V 
Atom 13 weights: 0.16468575057420237 Ni 0.21791374185253426 Cr 0.1975077169207641 Co 0.4198927906524993 V 
Atom 14 weights: 0.1816237187597388 Ni 0.2390636376317353 Cr 0.20840926068477453 Co 0.3709033829237514 V 
Atom 15 weights: 0.19166926079201782 Ni 0.20203634375628407 Cr 0.1819395834770906 Co 0.42435481197460756 V 
Atom 16 weights: 0.14789867340929608 Ni 0.25065268105118416 Cr 0.20567267734062347 Co 0.3957759681988963 V 
HEA binding free energy: 1.4663331593881406 eV, Target: 1.6 eV
Entropy: 21.45322946192975

Iteration 10, eta = 0.2
Atom 1 weights: 0.39940018382707954 Ni 0.17686421938826136 Cr 0.3921214336336372 Co 0.03161416315102178 V 
Atom 2 weights: 0.34805341559987235 Ni 0.23483989434135694 Cr 0.30943900921858225 Co 0.10766768084018843 V 
Atom 3 weights: 0.3023452078916708 Ni 0.24764098590635097 Cr 0.317934554248271 Co 0.13207925195370726 V 
Atom 4 weights: 0.3163516589299501 Ni 0.21960857555260058 Cr 0.31121020167618985 Co 0.1528295638412595 V 
Atom 5 weights: 0.28367926446343655 Ni 0.2293919000295615 Cr 0.2754079538268515 Co 0.21152088168015049 V 
Atom 6 weights: 0.25039539504017194 Ni 0.2554832051176147 Cr 0.2803462136715542 Co 0.21377518617065921 V 
Atom 7 weights: 0.26975363994087675 Ni 0.19970780954808517 Cr 0.31419148267132735 Co 0.21634706783971072 V 
Atom 8 weights: 0.3078304066849316 Ni 0.27904083250569045 Cr 0.21756367487322514 Co 0.1955650859361528 V 
Atom 9 weights: 0.2650706429192507 Ni 0.21104036543683236 Cr 0.2293726419898182 Co 0.29451634965409884 V 
Atom 10 weights: 0.2408981820958711 Ni 0.2314567566772749 Cr 0.2721983690864107 Co 0.25544669214044335 V 
Atom 11 weights: 0.23785433860258148 Ni 0.1955034413191021 Cr 0.2512753610814715 Co 0.31536685899684486 V 
Atom 12 weights: 0.21237214421044434 Ni 0.27725383734584824 Cr 0.2200480076013846 Co 0.29032601084232285 V 
Atom 13 weights: 0.16468575057420237 Ni 0.21791374185253426 Cr 0.1975077169207641 Co 0.4198927906524993 V 
Atom 14 weights: 0.1816237187597388 Ni 0.2390636376317353 Cr 0.20840926068477453 Co 0.3709033829237514 V 
Atom 15 weights: 0.19166926079201782 Ni 0.20203634375628407 Cr 0.1819395834770906 Co 0.42435481197460756 V 
Atom 16 weights: 0.14789867340929608 Ni 0.25065268105118416 Cr 0.20567267734062347 Co 0.3957759681988963 V 
HEA binding free energy: 1.2465719441681027 eV, Target: 1.6 eV
Entropy: 21.45322946192975

Iteration 11, eta = 0.2
Atom 1 weights: 0.4071381491018861 Ni 0.17037971098842303 Cr 0.3963796602780879 Co 0.02610247963160299 V 
Atom 2 weights: 0.34566415660850136 Ni 0.23419198861672333 Cr 0.30699351475366665 Co 0.11315034002110876 V 
Atom 3 weights: 0.29936398154114807 Ni 0.24702281060867154 Cr 0.31531161616184655 Co 0.13830159168833392 V 
Atom 4 weights: 0.313622268091124 Ni 0.2189439581607698 Cr 0.3087200517938996 Co 0.15871372195420658 V 
Atom 5 weights: 0.28289969234651313 Ni 0.22902177911304814 Cr 0.27462316628465616 Co 0.2134553622557826 V 
Atom 6 weights: 0.24881601121704594 Ni 0.2552994466486007 Cr 0.279122935271638 Co 0.2167616068627154 V 
Atom 7 weights: 0.2685524106423467 Ni 0.19916326437597498 Cr 0.3134243226366292 Co 0.2188600023450491 V 
Atom 8 weights: 0.30715176246945985 Ni 0.27901647283664643 Cr 0.2162956494510112 Co 0.1975361152428826 V 
Atom 9 weights: 0.2665253299321155 Ni 0.21102294111779699 Cr 0.23048255241130158 Co 0.29196917653878585 V 
Atom 10 weights: 0.24182008690282744 Ni 0.2315214996362681 Cr 0.27328631727233804 Co 0.2533720961885664 V 
Atom 11 weights: 0.23895853003877174 Ni 0.1953350202403137 Cr 0.252402513380682 Co 0.31330393634023257 V 
Atom 12 weights: 0.212869420659285 Ni 0.27768010549956124 Cr 0.22057802310860056 Co 0.2888724507325532 V 
Atom 13 weights: 0.16661057655021105 Ni 0.21808128644877353 Cr 0.19945728087484424 Co 0.4158508561261711 V 
Atom 14 weights: 0.1843099527470365 Ni 0.2394842683597481 Cr 0.21101676848829284 Co 0.3651890104049225 V 
Atom 15 weights: 0.1938879002386941 Ni 0.2020603471245675 Cr 0.1838562377574105 Co 0.4201955148793279 V 
Atom 16 weights: 0.14956553184971946 Ni 0.2510651642204898 Cr 0.20755925080665388 Co 0.3918100531231369 V 
HEA binding free energy: 1.3311296887523443 eV, Target: 1.6 eV
Entropy: 21.464303046449473

Iteration 12, eta = 0.2
Atom 1 weights: 0.5654176920848488 Ni 3.885780586188048e-16 Cr 0.4345823079151504 Co 3.885780586188048e-16 V 
Atom 2 weights: 0.24235261906441583 Ni 0.2088081899226727 Cr 0.20330189494888168 Co 0.34553729606402983 V 
Atom 3 weights: 0.1736530483730186 Ni 0.22189811170288556 Cr 0.203755668606521 Co 0.40069317131757487 V 
Atom 4 weights: 0.20023115296813285 Ni 0.19335140351623717 Cr 0.20518419536706467 Co 0.40123324814856526 V 
Atom 5 weights: 0.25178943608659177 Ni 0.2152747840946938 Cr 0.24361147818663426 Co 0.2893243016320802 V 
Atom 6 weights: 0.1887325257343726 Ni 0.24778452758253092 Cr 0.23181929025146752 Co 0.33166365643162904 V 
Atom 7 weights: 0.22521404552746285 Ni 0.17977041847027023 Cr 0.28535002816549526 Co 0.3096655078367717 V 
Atom 8 weights: 0.2795117134068515 Ni 0.27728723072870093 Cr 0.1683487003113827 Co 0.27485235555306486 V 
Atom 9 weights: 0.31647096683994985 Ni 0.21045946522336303 Cr 0.26845215267236044 Co 0.20461741526432675 V 
Atom 10 weights: 0.2748217533966103 Ni 0.23387111228593913 Cr 0.3120032564899326 Co 0.17930387782751797 V 
Atom 11 weights: 0.2798338729806523 Ni 0.18970030448739175 Cr 0.2938703944786144 Co 0.23659542805334155 V 
Atom 12 weights: 0.2270436044238251 Ni 0.29182354632289 Cr 0.2360785677728601 Co 0.2450542814804249 V 
Atom 13 weights: 0.2505333952300036 Ni 0.2270151703473955 Cr 0.2829969232149164 Co 0.2394545112076845 V 
Atom 14 weights: 0.30139191691053824 Ni 0.25856452873964175 Cr 0.32360452867423395 Co 0.11643902567558606 V 
Atom 15 weights: 0.2942541506208696 Ni 0.20725331528173302 Cr 0.2720251719573475 Co 0.22646736214004984 V 
Atom 16 weights: 0.224036318308112 Ni 0.26866257811671584 Cr 0.2884951711524821 Co 0.21880593242269009 V 
HEA binding free energy: 1.6112177357492161 eV, Target: 1.6 eV
Entropy: 21.139827216773252

Iteration 13, eta = 0.2
Atom 1 weights: 0.5672167599256699 Ni 0.0 Cr 0.43278324007433017 Co 0.0 V 
Atom 2 weights: 0.24072858713546694 Ni 0.2080441401070064 Cr 0.2013263194045196 Co 0.34990095335300697 V 
Atom 3 weights: 0.17101043880798986 Ni 0.22125300453362837 Cr 0.20159894039258452 Co 0.40613761626579725 V 
Atom 4 weights: 0.1979797143458436 Ni 0.19244888174567795 Cr 0.20313744054091346 Co 0.40643396336756504 V 
Atom 5 weights: 0.25116554399910007 Ni 0.21473026266293624 Cr 0.24292619442560467 Co 0.29117799891235907 V 
Atom 6 weights: 0.18710098129911046 Ni 0.24763909178023455 Cr 0.23077919723056886 Co 0.3344807296900863 V 
Atom 7 weights: 0.2240669893190507 Ni 0.1788289983179404 Cr 0.28498649544242144 Co 0.3121175169205874 V 
Atom 8 weights: 0.27926125694057835 Ni 0.27748707847350046 Cr 0.16681742406221403 Co 0.27643424052370724 V 
Atom 9 weights: 0.31816217173957917 Ni 0.21015977018407467 Cr 0.26951546274709126 Co 0.20216259532925498 V 
Atom 10 weights: 0.275728007131743 Ni 0.23380362166293736 Cr 0.31331238097931247 Co 0.1771559902260072 V 
Atom 11 weights: 0.28089922402160594 Ni 0.1891248859787275 Cr 0.2950585975209338 Co 0.2349172924787328 V 
Atom 12 weights: 0.22745803904453882 Ni 0.2925051354757473 Cr 0.2365716924583319 Co 0.24346513302138206 V 
Atom 13 weights: 0.2518047656835243 Ni 0.22692971730582445 Cr 0.2845432081040927 Co 0.23672230890655852 V 
Atom 14 weights: 0.3035165456845009 Ni 0.2588864463739101 Cr 0.3258570111863106 Co 0.11173999675527838 V 
Atom 15 weights: 0.2958073898316197 Ni 0.20685852022913184 Cr 0.2732148634319497 Co 0.22411922650729887 V 
Atom 16 weights: 0.22499251131643705 Ni 0.26908743651075734 Cr 0.2901075357915633 Co 0.21581251638124227 V 
HEA binding free energy: 1.6135793491695125 eV, Target: 1.6 eV
Entropy: 21.117009974460682

Iteration 14, eta = 0.2
Atom 1 weights: 0.5702826355298642 Ni 1.1102230246251565e-16 Cr 0.4297173644701356 Co 1.1102230246251565e-16 V 
Atom 2 weights: 0.23858873392616461 Ni 0.20667381383812428 Cr 0.1983476802741875 Co 0.35638977196152366 V 
Atom 3 weights: 0.16686746543750663 Ni 0.22016974304330733 Cr 0.19838876008252013 Co 0.41457403143666594 V 
Atom 4 weights: 0.19452601001174033 Ni 0.19074558321959434 Cr 0.20001391133634425 Co 0.4147144954323211 V 
Atom 5 weights: 0.2505394663084101 Ni 0.2137109397488956 Cr 0.2421274449545088 Co 0.29362214898818545 V 
Atom 6 weights: 0.18438038323020323 Ni 0.24743930648179582 Cr 0.22925545976434197 Co 0.33892485052365906 V 
Atom 7 weights: 0.22245692612823756 Ni 0.17693984483001285 Cr 0.28498107053308225 Co 0.31562215850866737 V 
Atom 8 weights: 0.27924121982490385 Ni 0.2780186075474899 Cr 0.16403429392518717 Co 0.278705878702419 V 
Atom 9 weights: 0.3210660967958279 Ni 0.20939437996185645 Cr 0.27112706556315247 Co 0.19841245767916324 V 
Atom 10 weights: 0.2772560690144403 Ni 0.2335774402388744 Cr 0.31572522537773423 Co 0.17344126536895105 V 
Atom 11 weights: 0.28266813108647526 Ni 0.1877987836288496 Cr 0.29712110791351487 Co 0.23241197737116018 V 
Atom 12 weights: 0.2274314949428601 Ni 0.29374248862191865 Cr 0.2367641872444375 Co 0.24206182919078373 V 
Atom 13 weights: 0.2532514763144622 Ni 0.22655168591050615 Cr 0.2866814527502173 Co 0.23351538502481442 V 
Atom 14 weights: 0.30669883383391916 Ni 0.25936754689618274 Cr 0.32942759508819575 Co 0.10450602418170239 V 
Atom 15 weights: 0.298262811117954 Ni 0.20591997263299663 Cr 0.2749758201425454 Co 0.220841396106504 V 
Atom 16 weights: 0.2256859523052184 Ni 0.2697670072500266 Cr 0.29231080750346067 Co 0.21223623294129432 V 
HEA binding free energy: 1.622001716168656 eV, Target: 1.6 eV
Entropy: 21.078881180034223

Iteration 15, eta = 0.2
Atom 1 weights: 0.6022660202247423 Ni 2.220446049250313e-16 Cr 0.39759565135537633 Co 0.0001383284198812336 V 
Atom 2 weights: 0.21361306471928365 Ni 0.1926057481205252 Cr 0.16553926579002595 Co 0.42824192137016526 V 
Atom 3 weights: 0.12297618999945711 Ni 0.20898628227169092 Cr 0.16381449035186219 Co 0.5042230373769898 V 
Atom 4 weights: 0.15689852013113093 Ni 0.173636823305168 Cr 0.1659501725809375 Co 0.5035144839827637 V 
Atom 5 weights: 0.24230896512748104 Ni 0.20338912710910848 Cr 0.2323496765054603 Co 0.32195223125795036 V 
Atom 6 weights: 0.1552809871365411 Ni 0.24508281556351133 Cr 0.21198738423687 Co 0.38764881306307747 V 
Atom 7 weights: 0.2039954278689524 Ni 0.1582028068065857 Cr 0.2822991980731419 Co 0.35550256725131996 V 
Atom 8 weights: 0.27704103153887694 Ni 0.28275277228628326 Cr 0.135167922203305 Co 0.3050382739715347 V 
Atom 9 weights: 0.35116453948838755 Ni 0.2022997724489503 Cr 0.28856292064220457 Co 0.15797276742045768 V 
Atom 10 weights: 0.29328920399852665 Ni 0.23163914723019494 Cr 0.3402611855743062 Co 0.1348104631969722 V 
Atom 11 weights: 0.3014627380726873 Ni 0.17526860279132833 Cr 0.3186592936792563 Co 0.2046093654567281 V 
Atom 12 weights: 0.2300900477143313 Ni 0.306434673213316 Cr 0.24138161643031503 Co 0.22209366264203778 V 
Atom 13 weights: 0.2713534228599766 Ni 0.22349809708128485 Cr 0.3111447110119062 Co 0.19400376904683228 V 
Atom 14 weights: 0.34181890393136993 Ni 0.26466627065469417 Cr 0.3679393991892542 Co 0.02557542622468177 V 
Atom 15 weights: 0.3256546880947617 Ni 0.1972508538739742 Cr 0.2953072099705355 Co 0.1817872480607287 V 
Atom 16 weights: 0.2366273958082796 Ni 0.2770497237140093 Cr 0.317540844995973 Co 0.16878203548173798 V 
HEA binding free energy: 1.5908372193778098 eV, Target: 1.6 eV
Entropy: 20.51092242142676

Iteration 16, eta = 0.2
Atom 1 weights: 0.6169876080454825 Ni 2.220446049250313e-16 Cr 0.38301239195451703 Co 2.220446049250313e-16 V 
Atom 2 weights: 0.20216572942072839 Ni 0.1860200312565073 Cr 0.15036177075002138 Co 0.461452468572743 V 
Atom 3 weights: 0.1025730874408454 Ni 0.2037472310291003 Cr 0.14777965522831524 Co 0.5459000263017391 V 
Atom 4 weights: 0.13959141133760763 Ni 0.16559846770237732 Cr 0.15027338825959352 Co 0.5445367327004216 V 
Atom 5 weights: 0.23866820974134897 Ni 0.19856311659529757 Cr 0.22796559110272663 Co 0.3348030825606268 V 
Atom 6 weights: 0.1419521307743618 Ni 0.24401917595214642 Cr 0.20420832174144427 Co 0.40982037153204753 V 
Atom 7 weights: 0.19573168770040764 Ni 0.1494094140833074 Cr 0.28145048309776216 Co 0.37340841511852285 V 
Atom 8 weights: 0.2762549689164849 Ni 0.2850390949369375 Cr 0.12177295939306264 Co 0.3169329767535149 V 
Atom 9 weights: 0.3649319735983226 Ni 0.19887273762121496 Cr 0.296379919761538 Co 0.13981536901892463 V 
Atom 10 weights: 0.30052022662762123 Ni 0.23065235778908166 Cr 0.35152792343771433 Co 0.11729949214558273 V 
Atom 11 weights: 0.3099877617447887 Ni 0.1692769101065353 Cr 0.3284997241663111 Co 0.19223560398236492 V 
Atom 12 weights: 0.23095496199723567 Ni 0.31232167463059013 Cr 0.2431874245234107 Co 0.21353593884876354 V 
Atom 13 weights: 0.2796350634686847 Ni 0.22203339017012394 Cr 0.3224596253748329 Co 0.17587192098635837 V 
Atom 14 weights: 0.3544107866107092 Ni 0.2634238124126165 Cr 0.3821654009766743 Co 0.0 V 
Atom 15 weights: 0.33851249165854275 Ni 0.19319066944850902 Cr 0.3048511809802362 Co 0.16344565791271198 V 
Atom 16 weights: 0.2415060533590886 Ni 0.2804575597216419 Cr 0.3291970615202811 Co 0.14883932539898853 V 
HEA binding free energy: 1.6521725870077795 eV, Target: 1.6 eV
Entropy: 20.146009241424807

Iteration 17, eta = 0.4
Atom 1 weights: 0.6169876080454825 Ni 2.220446049250313e-16 Cr 0.38301239195451703 Co 2.220446049250313e-16 V 
Atom 2 weights: 0.20216572942072839 Ni 0.1860200312565073 Cr 0.15036177075002138 Co 0.461452468572743 V 
Atom 3 weights: 0.1025730874408454 Ni 0.2037472310291003 Cr 0.14777965522831524 Co 0.5459000263017391 V 
Atom 4 weights: 0.13959141133760763 Ni 0.16559846770237732 Cr 0.15027338825959352 Co 0.5445367327004216 V 
Atom 5 weights: 0.23866820974134897 Ni 0.19856311659529757 Cr 0.22796559110272663 Co 0.3348030825606268 V 
Atom 6 weights: 0.1419521307743618 Ni 0.24401917595214642 Cr 0.20420832174144427 Co 0.40982037153204753 V 
Atom 7 weights: 0.19573168770040764 Ni 0.1494094140833074 Cr 0.28145048309776216 Co 0.37340841511852285 V 
Atom 8 weights: 0.2762549689164849 Ni 0.2850390949369375 Cr 0.12177295939306264 Co 0.3169329767535149 V 
Atom 9 weights: 0.3649319735983226 Ni 0.19887273762121496 Cr 0.296379919761538 Co 0.13981536901892463 V 
Atom 10 weights: 0.30052022662762123 Ni 0.23065235778908166 Cr 0.35152792343771433 Co 0.11729949214558273 V 
Atom 11 weights: 0.3099877617447887 Ni 0.1692769101065353 Cr 0.3284997241663111 Co 0.19223560398236492 V 
Atom 12 weights: 0.23095496199723567 Ni 0.31232167463059013 Cr 0.2431874245234107 Co 0.21353593884876354 V 
Atom 13 weights: 0.2796350634686847 Ni 0.22203339017012394 Cr 0.3224596253748329 Co 0.17587192098635837 V 
Atom 14 weights: 0.3544107866107092 Ni 0.2634238124126165 Cr 0.3821654009766743 Co 0.0 V 
Atom 15 weights: 0.33851249165854275 Ni 0.19319066944850902 Cr 0.3048511809802362 Co 0.16344565791271198 V 
Atom 16 weights: 0.2415060533590886 Ni 0.2804575597216419 Cr 0.3291970615202811 Co 0.14883932539898853 V 
HEA binding free energy: 1.5915995650256156 eV, Target: 1.6 eV
Entropy: 20.146009241424807

Iteration 18, eta = 0.4
Atom 1 weights: 0.6273835127380383 Ni 5.551115123125783e-17 Cr 0.3726164872619616 Co 5.551115123125783e-17 V 
Atom 2 weights: 0.19809931938964773 Ni 0.18041014383352003 Cr 0.1417583232703061 Co 0.47973221350652606 V 
Atom 3 weights: 0.08979677163897189 Ni 0.1996800936177433 Cr 0.13891331468162613 Co 0.5716098200616586 V 
Atom 4 weights: 0.13002562299082926 Ni 0.15820924935404782 Cr 0.14161319991901022 Co 0.5701519277361127 V 
Atom 5 weights: 0.23766385211163885 Ni 0.19407770016193981 Cr 0.2260285606917431 Co 0.3422298870346783 V 
Atom 6 weights: 0.13253765061967632 Ni 0.24350141982089996 Cr 0.2002126627787308 Co 0.4237482667806929 V 
Atom 7 weights: 0.190981930912695 Ni 0.14065465440411537 Cr 0.2841600198364129 Co 0.3842033948467766 V 
Atom 8 weights: 0.2785087998652944 Ni 0.2880768345607496 Cr 0.1105880331946523 Co 0.32282633237930364 V 
Atom 9 weights: 0.37497863390196895 Ni 0.1944318653307317 Cr 0.30045844362367896 Co 0.13013105714362036 V 
Atom 10 weights: 0.3048439046815068 Ni 0.22895367942384798 Cr 0.3602925919498306 Co 0.10590982394481467 V 
Atom 11 weights: 0.31513024383495397 Ni 0.16223987786920407 Cr 0.3352567633051935 Co 0.18737311499064851 V 
Atom 12 weights: 0.22935999895480244 Ni 0.3177537104141303 Cr 0.24265144316534204 Co 0.21023484746572524 V 
Atom 13 weights: 0.28227425146228535 Ni 0.21961052283700325 Cr 0.32881977279925445 Co 0.16929545290145698 V 
Atom 14 weights: 0.3562567528511572 Ni 0.2573204332477895 Cr 0.38642281390105326 Co 2.7755575615628914e-17 V 
Atom 15 weights: 0.3462687721860927 Ni 0.1882572073855881 Cr 0.30967536458393363 Co 0.15579865584438563 V 
Atom 16 weights: 0.2408529790609199 Ni 0.28312177514931625 Cr 0.3361659379888995 Co 0.13985930780086428 V 
HEA binding free energy: 1.599833353337206 eV, Target: 1.6 eV
Entropy: 19.953670944366436

Iteration 19, eta = 0.4
Atom 1 weights: 0.6828231247628251 Ni 1.1102230246251565e-16 Cr 0.3171768752371747 Co 1.1102230246251565e-16 V 
Atom 2 weights: 0.1753076687331513 Ni 0.15009141207520368 Cr 0.09446762521704323 Co 0.5801332939746018 V 
Atom 3 weights: 0.019934458556667325 Ni 0.17775071064268783 Cr 0.09043006419030766 Co 0.7118847666103372 V 
Atom 4 weights: 0.07771344219589056 Ni 0.11824548907948779 Cr 0.09434786988755768 Co 0.709693198837064 V 
Atom 5 weights: 0.23222468470114527 Ni 0.16973331928270066 Cr 0.2155317863040834 Co 0.38251020971207067 V 
Atom 6 weights: 0.08139072730017745 Ni 0.2406647680372066 Cr 0.17851219261835452 Co 0.49943231204426153 V 
Atom 7 weights: 0.16523987652184874 Ni 0.09307016878449507 Cr 0.29896195751241605 Co 0.44272799718124023 V 
Atom 8 weights: 0.2908468137248331 Ni 0.3046287223264271 Cr 0.04987201180677043 Co 0.3546524521419694 V 
Atom 9 weights: 0.429386546751102 Ni 0.1702601252121262 Cr 0.32244169593416544 Co 0.07791163210260642 V 
Atom 10 weights: 0.32873656110104454 Ni 0.21980270472288038 Cr 0.40830750439714214 Co 0.043153229778933 V 
Atom 11 weights: 0.3435148508793963 Ni 0.12406518597407808 Cr 0.3723945351816596 Co 0.1600254279648661 V 
Atom 12 weights: 0.22047267752714347 Ni 0.347249946391439 Cr 0.23953979189317706 Co 0.19273758418824047 V 
Atom 13 weights: 0.2965248292082122 Ni 0.20642192709423257 Cr 0.36330481239971246 Co 0.13374843129784278 V 
Atom 14 weights: 0.36627763134353186 Ni 0.2241661610235961 Cr 0.40955620763287215 Co 0.0 V 
Atom 15 weights: 0.38832691583909773 Ni 0.1614204185917664 Cr 0.33579919688284404 Co 0.11445346868629176 V 
Atom 16 weights: 0.23709291968179771 Ni 0.29757101027680083 Cr 0.37385690457086435 Co 0.09147916547053699 V 
HEA binding free energy: 1.5795999244365106 eV, Target: 1.6 eV
Entropy: 18.565441327054646

Iteration 20, eta = 0.4
Atom 1 weights: 0.7820376313161196 Ni 5.551115123125783e-17 Cr 0.21796236868388033 Co 5.551115123125783e-17 V 
Atom 2 weights: 0.14333775946880115 Ni 0.0975985385792762 Cr 0.018451703964905947 Co 0.7406119979870167 V 
Atom 3 weights: 0.0 Ni 0.09688954730029105 Cr 0.0 Co 0.903110452699709 V 
Atom 4 weights: 8.326672684688674e-17 Ni 0.0443906343732636 Cr 0.010486778008555034 Co 0.9451225876181814 V 
Atom 5 weights: 0.22544595335440112 Ni 0.12719826135363493 Cr 0.19962179953540035 Co 0.44773398575656365 V 
Atom 6 weights: 2.7755575615628914e-17 Ni 0.2336698976546497 Cr 0.1392995059281729 Co 0.6270305964171774 V 
Atom 7 weights: 0.12299673189867281 Ni 0.009474521513131329 Cr 0.32819956071730294 Co 0.5393291858708928 V 
Atom 8 weights: 0.2969509089466603 Ni 0.31617043925291677 Cr 2.7755575615628914e-17 Co 0.3868786518004229 V 
Atom 9 weights: 0.520637709878913 Ni 0.12298063376570137 Cr 0.3563816563553856 Co 0.0 V 
Atom 10 weights: 0.34808270724459495 Ni 0.18154046952253144 Cr 0.4703768232328735 Co 5.551115123125783e-17 V 
Atom 11 weights: 0.39257661928214926 Ni 0.056414527165411565 Cr 0.4370196692712073 Co 0.113989184281232 V 
Atom 12 weights: 0.20326453474354877 Ni 0.3991414344949046 Cr 0.2326871185603843 Co 0.1649069122011624 V 
Atom 13 weights: 0.31350053688102286 Ni 0.1818556797703645 Cr 0.41671250167519003 Co 0.08793128167342258 V 
Atom 14 weights: 0.38186588469949356 Ni 0.16927268583596944 Cr 0.44886142946453705 Co 0.0 V 
Atom 15 weights: 0.4548307221121996 Ni 0.11289939429001311 Cr 0.37473960660084726 Co 0.05753027699694001 V 
Atom 16 weights: 0.22121604361070907 Ni 0.3214757707856529 Cr 0.4320119014058691 Co 0.025296284197768956 V 
HEA binding free energy: 1.5974776431072284 eV, Target: 1.6 eV
Entropy: 15.196083083126405

Iteration 21, eta = 0.4
Atom 1 weights: 0.8451156359530405 Ni 0.0 Cr 0.15488436404695943 Co 0.0 V 
Atom 2 weights: 0.1073962848965789 Ni 0.05204562211507347 Cr 2.7755575615628914e-17 Co 0.8405580929883476 V 
Atom 3 weights: 5.551115123125783e-17 Ni 0.006106741677153124 Cr 5.551115123125783e-17 Co 0.9938932583228468 V 
Atom 4 weights: 8.326672684688674e-17 Ni 8.326672684688674e-17 Cr 8.326672684688674e-17 Co 0.9999999999999998 V 
Atom 5 weights: 0.21966570553183976 Ni 0.09968201086262118 Cr 0.18808459319546314 Co 0.492567690410076 V 
Atom 6 weights: 0.0 Ni 0.21130645702294779 Cr 0.09575074833029529 Co 0.692942794646757 V 
Atom 7 weights: 0.07944064688463144 Ni 0.0 Cr 0.33055508258201377 Co 0.5900042705333549 V 
Atom 8 weights: 0.2884982169501508 Ni 0.31219803016530856 Cr 0.0 Co 0.3993037528845407 V 
Atom 9 weights: 0.5625284279904118 Ni 0.07593536686638765 Cr 0.3615362051432005 Co 2.7755575615628914e-17 V 
Atom 10 weights: 0.35140175420399267 Ni 0.14755967172280307 Cr 0.5010385740732043 Co 2.7755575615628914e-17 V 
Atom 11 weights: 0.42452872249947027 Ni 0.013133330536658112 Cr 0.47890458837627264 Co 0.08343335858759884 V 
Atom 12 weights: 0.19303393332301474 Ni 0.43253992879153047 Cr 0.22901832943876033 Co 0.14540780844669443 V 
Atom 13 weights: 0.32851905441301366 Ni 0.16674095868511732 Cr 0.4547476625106551 Co 0.04999232439121386 V 
Atom 14 weights: 0.39293054621250273 Ni 0.13221392234496077 Cr 0.4748555314425365 Co 0.0 V 
Atom 15 weights: 0.5013834207627504 Ni 0.08234450636955254 Cr 0.4033256771019182 Co 0.012946395765778981 V 
Atom 16 weights: 0.20673575552060694 Ni 0.3286660230511695 Cr 0.4645982214282237 Co 0.0 V 
HEA binding free energy: 1.6000498766428966 eV, Target: 1.6 eV
Entropy: 13.352359512358907

Iteration 22, eta = 0.4
Atom 1 weights: 0.9226225589606062 Ni 2.7755575615628914e-17 Cr 0.07737744103939376 Co 2.7755575615628914e-17 V 
Atom 2 weights: 0.05026182645084488 Ni 5.551115123125783e-17 Cr 5.551115123125783e-17 Co 0.949738173549155 V 
Atom 3 weights: 1.1102230246251565e-16 Ni 1.1102230246251565e-16 Cr 1.1102230246251565e-16 Co 0.9999999999999997 V 
Atom 4 weights: 1.1102230246251565e-16 Ni 1.1102230246251565e-16 Cr 1.1102230246251565e-16 Co 0.9999999999999998 V 
Atom 5 weights: 0.21267693752527977 Ni 0.06586470419422608 Cr 0.17400874243059414 Co 0.5474496158499 V 
Atom 6 weights: 5.551115123125783e-17 Ni 0.18381945996735358 Cr 0.0422252394427361 Co 0.7739553005899102 V 
Atom 7 weights: 0.02217229935327277 Ni 0.0 Cr 0.32974114147677397 Co 0.6480865591699533 V 
Atom 8 weights: 0.27821502929112235 Ni 0.3073619495937075 Cr 0.0 Co 0.41442302111517015 V 
Atom 9 weights: 0.6140518716370065 Ni 0.018066246940408225 Cr 0.3678818814225854 Co 0.0 V 
Atom 10 weights: 0.3554806799649224 Ni 0.10577259574993414 Cr 0.5387467242851435 Co 2.7755575615628914e-17 V 
Atom 11 weights: 0.4504557747505894 Ni 1.1102230246251565e-16 Cr 0.5170486226472586 Co 0.03249560260215195 V 
Atom 12 weights: 0.18033289431518426 Ni 0.47358793493082463 Cr 0.22439601909034712 Co 0.12168315166364395 V 
Atom 13 weights: 0.34665821361181925 Ni 0.14810178877545102 Cr 0.5012199146071928 Co 0.00402008300553687 V 
Atom 14 weights: 0.4064518876529434 Ni 0.08678863921497225 Cr 0.5067594731320844 Co 2.7755575615628914e-17 V 
Atom 15 weights: 0.5445859878778554 Ni 0.030961826104336655 Cr 0.42445218601780793 Co 1.1102230246251565e-16 V 
