   Eewald =     5724.4299273203723715
       EH =     7577.9543708082665034
     Eloc =   -15503.7766768833116657
      Enl =     -549.1912947093054527
   Epulay =       -0.0004842064044479
      Exc =     -249.8110510508569746
       KE =      943.4769167907692236
        U =        1.2807011837496838
-------------------------------------
     Etot =    -2055.6375907467195248
       TS =        0.0011788998828850
-------------------------------------
        F =    -2055.6387696466022135
