   Eewald =     4625.5411673221206001
       EH =     6064.9625479875212477
     Eloc =   -12431.4449223917199561
      Enl =     -393.8677126412587199
   Epulay =       -0.0003756781916500
      Exc =     -215.2925875530493727
       KE =      737.1677312548579266
        U =        1.0061403689859740
-------------------------------------
     Etot =    -1611.9280113307338524
       TS =        0.0013861270737476
-------------------------------------
        F =    -1611.9293974578076813
