   Eewald =     5949.8735592779539729
       EH =     7926.1189102831913260
     Eloc =   -16211.2475051028541202
      Enl =     -606.2360810965711835
   Epulay =       -0.0004890017348034
      Exc =     -260.5533156387974145
       KE =     1004.4213447584454570
        U =        1.4164937510733406
-------------------------------------
     Etot =    -2196.2070827692941748
       TS =        0.0005574448047045
-------------------------------------
        F =    -2196.2076402140987739
