   Eewald =     5911.1804409118558397
       EH =     8116.2696324121361613
     Eloc =   -16557.7292707293781859
      Enl =     -753.6732185491507607
   Epulay =        0.0001960516836434
      Exc =     -282.4420980854474124
       KE =     1125.9999751745408503
        U =        0.4290725468939265
-------------------------------------
     Etot =    -2439.9652702668668098
       TS =        0.0005463584744743
-------------------------------------
        F =    -2439.9658166253411764
