   Eewald =     4475.9842985577424770
       EH =     5914.8934645781901054
     Eloc =   -12132.0061225569879753
      Enl =     -394.0155028292712132
   Epulay =       -0.0003758999111746
      Exc =     -215.2700391899597321
       KE =      737.1241277381438977
        U =        0.9598705428405651
-------------------------------------
     Etot =    -1612.3302790592119891
       TS =        0.0016461467389138
-------------------------------------
        F =    -1612.3319252059509381
