   Eewald =     5400.5254497632668063
       EH =     7264.7352076444230988
     Eloc =   -14883.5272784948974731
      Enl =     -554.8346252872304376
   Epulay =       -0.0004860324562652
      Exc =     -250.5833150098347346
       KE =      948.7092368721704361
        U =        1.4087203578284555
-------------------------------------
     Etot =    -2073.5670901867310931
       TS =        0.0013380841328174
-------------------------------------
        F =    -2073.5684282708639330
