   Eewald =     5049.9021455893971506
       EH =     6758.8296426199394773
     Eloc =   -13880.1255451721499412
      Enl =     -465.0624241523780142
   Epulay =       -0.0004831230919240
      Exc =     -237.2734829671662737
       KE =      876.7493953153621078
        U =        1.2339299823886190
-------------------------------------
     Etot =    -1895.7468219076974947
       TS =        0.0008519460118678
-------------------------------------
        F =    -1895.7476738537093297
