Initilizing minimization for species Ni Cr Co V 

Target: 1.6 eV
Performing first surface calculations...
Surface calculations successfully finished.
Initial entropy parameter eta set to 0.05
_____________________________________________________________________
Beginning minimzation


Iteration 1, eta = 0.05
Atom 1 weights: 0.29177674601475745 Ni 0.2895514554394338 Cr 0.2170162989180413 Co 0.20165549962776744 V 
Atom 2 weights: 0.3057353154230466 Ni 0.23773533147747028 Cr 0.23555908084035834 Co 0.22097027225912477 V 
Atom 3 weights: 0.22959421423162815 Ni 0.2733250805478994 Cr 0.2436847541950656 Co 0.2533959510254068 V 
Atom 4 weights: 0.27192555063866264 Ni 0.23821638038880882 Cr 0.22489422931439287 Co 0.26496383965813564 V 
Atom 5 weights: 0.21320096241164727 Ni 0.22774056228199183 Cr 0.28410638469519595 Co 0.27495209061116493 V 
Atom 6 weights: 0.2898858989846099 Ni 0.2243350182462312 Cr 0.21630152300686606 Co 0.26947755976229276 V 
Atom 7 weights: 0.21416876082172878 Ni 0.2654895825563579 Cr 0.27908955262550394 Co 0.2412521039964093 V 
Atom 8 weights: 0.25345937012921055 Ni 0.2773323733999742 Cr 0.23668145817798342 Co 0.23252679829283188 V 
Atom 9 weights: 0.2395518117218849 Ni 0.2235946840883022 Cr 0.2250420551399184 Co 0.3118114490498946 V 
Atom 10 weights: 0.2388919641835069 Ni 0.22375545143624456 Cr 0.26165567593189376 Co 0.27569690844835487 V 
Atom 11 weights: 0.2688127002746188 Ni 0.23976265152076648 Cr 0.2696271240565193 Co 0.22179752414809545 V 
Atom 12 weights: 0.28510586287337863 Ni 0.221160607434863 Cr 0.2597045349965303 Co 0.2340289946952279 V 
Atom 13 weights: 0.22050524950614403 Ni 0.23290016020434737 Cr 0.266724033498115 Co 0.2798705567913937 V 
Atom 14 weights: 0.2585693585550084 Ni 0.24495009314363148 Cr 0.24252204220182924 Co 0.253958506099531 V 
Atom 15 weights: 0.2578523403377021 Ni 0.2886614288386056 Cr 0.21944518218212575 Co 0.23404104864156663 V 
Atom 16 weights: 0.2293809413118055 Ni 0.2772186794428953 Cr 0.23414623616237684 Co 0.25925414308292244 V 
HEA binding free energy: 0.5831240189968425 eV, Target: 1.6 eV
Entropy: 22.096844441347017

Iteration 2, eta = 0.05
Atom 1 weights: 0.29622238385436256 Ni 0.2818021775503497 Cr 0.21762304618234196 Co 0.20435239241294575 V 
Atom 2 weights: 0.3016549371235578 Ni 0.23683750174771165 Cr 0.23165896783495613 Co 0.22984859329377447 V 
Atom 3 weights: 0.2283603365925156 Ni 0.2728607092579829 Cr 0.24245908259066704 Co 0.25631987155883446 V 
Atom 4 weights: 0.2680103772512429 Ni 0.23733288448152273 Cr 0.2211882888847441 Co 0.2734684493824903 V 
Atom 5 weights: 0.21356226593886019 Ni 0.227762559522366 Cr 0.28448781409947 Co 0.27418736043930386 V 
Atom 6 weights: 0.28793962770215775 Ni 0.22407625370405498 Cr 0.21448273017095426 Co 0.2735013884228331 V 
Atom 7 weights: 0.21279727352774125 Ni 0.2653642819686078 Cr 0.2779051464799979 Co 0.24393329802365307 V 
Atom 8 weights: 0.253007441298975 Ni 0.2772450165784617 Cr 0.2362508924210926 Co 0.2334966497014708 V 
Atom 9 weights: 0.2407925748998957 Ni 0.2238103778975355 Cr 0.22618267354082894 Co 0.30921437366173987 V 
Atom 10 weights: 0.24194391741090968 Ni 0.22430459689355517 Cr 0.2645101484392441 Co 0.269241337256291 V 
Atom 11 weights: 0.27002667963642035 Ni 0.24001399367842188 Cr 0.270768938704685 Co 0.2191903879804728 V 
Atom 12 weights: 0.28644113990660325 Ni 0.22145198502565738 Cr 0.2609455919513617 Co 0.2311612831163776 V 
Atom 13 weights: 0.2243101156605351 Ni 0.23354100905566672 Cr 0.2702630400324002 Co 0.271885835251398 V 
Atom 14 weights: 0.260117991164149 Ni 0.2452155742391135 Cr 0.24393882096152242 Co 0.25072761363521523 V 
Atom 15 weights: 0.2603088263336021 Ni 0.2891559076421206 Cr 0.22168446553077803 Co 0.2288508004934993 V 
Atom 16 weights: 0.23381924261041506 Ni 0.2780589147419924 Cr 0.23823976502492922 Co 0.24988207762266335 V 
HEA binding free energy: 0.6129633098611601 eV, Target: 1.6 eV
Entropy: 22.099904496765294

Iteration 3, eta = 0.05
Atom 1 weights: 0.3367464027915472 Ni 0.22164977263087554 Cr 0.22741026209141194 Co 0.21419356248616525 V 
Atom 2 weights: 0.2777627974801827 Ni 0.2309671243348026 Cr 0.20850301138217198 Co 0.28276706680284286 V 
Atom 3 weights: 0.21323766778626999 Ni 0.26844664815771135 Cr 0.22787970428370966 Co 0.29043597977230895 V 
Atom 4 weights: 0.23812827730693634 Ni 0.23117746234570072 Cr 0.19308414222725667 Co 0.3376101181201063 V 
Atom 5 weights: 0.2075571177868683 Ni 0.2266696733805639 Cr 0.27939464855950713 Co 0.28637856027306074 V 
Atom 6 weights: 0.27772907420061493 Ni 0.2229691377940959 Cr 0.20494061057153468 Co 0.2943611774337544 V 
Atom 7 weights: 0.2034144531494585 Ni 0.2647111579054925 Cr 0.269955368407488 Co 0.261919020537561 V 
Atom 8 weights: 0.24513562319935944 Ni 0.27605815534126 Cr 0.22895429009848875 Co 0.24985193136089184 V 
Atom 9 weights: 0.24617594222371111 Ni 0.22498526609224018 Cr 0.2311807733133792 Co 0.2976580183706696 V 
Atom 10 weights: 0.2614191931236365 Ni 0.2278941777244167 Cr 0.2828045984761543 Co 0.22788203067579238 V 
Atom 11 weights: 0.2834963814540763 Ni 0.24271965578620008 Cr 0.28341330782654056 Co 0.19037065493318306 V 
Atom 12 weights: 0.2961612873382997 Ni 0.22357509848224633 Cr 0.27001544635065006 Co 0.2102481678288039 V 
Atom 13 weights: 0.2500064672886244 Ni 0.23799624294935962 Cr 0.2942529715012074 Co 0.2177443182608086 V 
Atom 14 weights: 0.28109077976829266 Ni 0.24883073291004343 Cr 0.26319607819190793 Co 0.20688240912975592 V 
Atom 15 weights: 0.28309969193211026 Ni 0.29367322647507466 Cr 0.2424886109996463 Co 0.18073847059316878 V 
Atom 16 weights: 0.26074139132565777 Ni 0.28333510302840614 Cr 0.26311380142635277 Co 0.19280970421958332 V 
HEA binding free energy: 0.8070637285148343 eV, Target: 1.6 eV
Entropy: 22.02471191725051

Iteration 4, eta = 0.05
Atom 1 weights: 0.40961528760341837 Ni 0.12567513838297556 Cr 0.2500482609849818 Co 0.2146613130286244 V 
Atom 2 weights: 0.2617843484831447 Ni 0.22541536422856726 Cr 0.19197943957238833 Co 0.3208208477158997 V 
Atom 3 weights: 0.21021895933936247 Ni 0.26523134256270275 Cr 0.2240783737280419 Co 0.3004713243698928 V 
Atom 4 weights: 0.18144918490027273 Ni 0.2191687987337612 Cr 0.13973708474871546 Co 0.4596449316172506 V 
Atom 5 weights: 0.19352180192129365 Ni 0.2241547527620509 Cr 0.26715612219617885 Co 0.31516732312047663 V 
Atom 6 weights: 0.2534207052362578 Ni 0.2198671205264171 Cr 0.18228431217089647 Co 0.3444278620664287 V 
Atom 7 weights: 0.1847147683357424 Ni 0.2631513478067494 Cr 0.2538775373375165 Co 0.2982563465199917 V 
Atom 8 weights: 0.22582780847235887 Ni 0.27285401534547155 Cr 0.2110442433533925 Co 0.2902739328287771 V 
Atom 9 weights: 0.2496091205365167 Ni 0.22559489453902137 Cr 0.23428974618460502 Co 0.29050623873985687 V 
Atom 10 weights: 0.28636784962444695 Ni 0.23270233217297176 Cr 0.30636565789530473 Co 0.17456416030727662 V 
Atom 11 weights: 0.3018646009344215 Ni 0.2466396600901564 Cr 0.30076611892969046 Co 0.15072962004573176 V 
Atom 12 weights: 0.29687169227446136 Ni 0.22387191771214732 Cr 0.2705380303354904 Co 0.20871835967790103 V 
Atom 13 weights: 0.29289185061496736 Ni 0.24560925238453196 Cr 0.3343396958860984 Co 0.12715920111440235 V 
Atom 14 weights: 0.3161781500556705 Ni 0.25490974006310463 Cr 0.29545210340452166 Co 0.1334600064767032 V 
Atom 15 weights: 0.32566943796826375 Ni 0.3020837867553264 Cr 0.2814380907188271 Co 0.09080868455758284 V 
Atom 16 weights: 0.30462449917016504 Ni 0.29209159104203214 Cr 0.30371453816685123 Co 0.09956937162095168 V 
HEA binding free energy: 1.3410623508466901 eV, Target: 1.6 eV
Entropy: 21.565183893343388

Iteration 5, eta = 0.1
Atom 1 weights: 0.40961528760341837 Ni 0.12567513838297556 Cr 0.2500482609849818 Co 0.2146613130286244 V 
Atom 2 weights: 0.2617843484831447 Ni 0.22541536422856726 Cr 0.19197943957238833 Co 0.3208208477158997 V 
Atom 3 weights: 0.21021895933936247 Ni 0.26523134256270275 Cr 0.2240783737280419 Co 0.3004713243698928 V 
Atom 4 weights: 0.18144918490027273 Ni 0.2191687987337612 Cr 0.13973708474871546 Co 0.4596449316172506 V 
Atom 5 weights: 0.19352180192129365 Ni 0.2241547527620509 Cr 0.26715612219617885 Co 0.31516732312047663 V 
Atom 6 weights: 0.2534207052362578 Ni 0.2198671205264171 Cr 0.18228431217089647 Co 0.3444278620664287 V 
Atom 7 weights: 0.1847147683357424 Ni 0.2631513478067494 Cr 0.2538775373375165 Co 0.2982563465199917 V 
Atom 8 weights: 0.22582780847235887 Ni 0.27285401534547155 Cr 0.2110442433533925 Co 0.2902739328287771 V 
Atom 9 weights: 0.2496091205365167 Ni 0.22559489453902137 Cr 0.23428974618460502 Co 0.29050623873985687 V 
Atom 10 weights: 0.28636784962444695 Ni 0.23270233217297176 Cr 0.30636565789530473 Co 0.17456416030727662 V 
Atom 11 weights: 0.3018646009344215 Ni 0.2466396600901564 Cr 0.30076611892969046 Co 0.15072962004573176 V 
Atom 12 weights: 0.29687169227446136 Ni 0.22387191771214732 Cr 0.2705380303354904 Co 0.20871835967790103 V 
Atom 13 weights: 0.29289185061496736 Ni 0.24560925238453196 Cr 0.3343396958860984 Co 0.12715920111440235 V 
Atom 14 weights: 0.3161781500556705 Ni 0.25490974006310463 Cr 0.29545210340452166 Co 0.1334600064767032 V 
Atom 15 weights: 0.32566943796826375 Ni 0.3020837867553264 Cr 0.2814380907188271 Co 0.09080868455758284 V 
Atom 16 weights: 0.30462449917016504 Ni 0.29209159104203214 Cr 0.30371453816685123 Co 0.09956937162095168 V 
HEA binding free energy: 1.1032801690362681 eV, Target: 1.6 eV
Entropy: 21.565183893343388

Iteration 6, eta = 0.1
Atom 1 weights: 0.4085100531011074 Ni 0.12456662260907946 Cr 0.24859583143392233 Co 0.21832749285589095 V 
Atom 2 weights: 0.2576567520929084 Ni 0.22467913705465498 Cr 0.18810704300213243 Co 0.32955706785030425 V 
Atom 3 weights: 0.20634573703494305 Ni 0.2645086888774498 Cr 0.22047913992323903 Co 0.3086664341643682 V 
Atom 4 weights: 0.17621026009546942 Ni 0.21804926927112145 Cr 0.1348269628395327 Co 0.4709135077938764 V 
Atom 5 weights: 0.19308582163657337 Ni 0.22404482822206548 Cr 0.26678321220993967 Co 0.31608613793142143 V 
Atom 6 weights: 0.25407675836886834 Ni 0.22002144035917345 Cr 0.18289190386475976 Co 0.34300989740719845 V 
Atom 7 weights: 0.18552790669670732 Ni 0.2633783426802576 Cr 0.2546906902802416 Co 0.2964030603427934 V 
Atom 8 weights: 0.225773024773167 Ni 0.27285789555245904 Cr 0.21099284568943488 Co 0.29037623398493917 V 
Atom 9 weights: 0.2528098964199859 Ni 0.22616658583663093 Cr 0.23723340054390418 Co 0.2837901171994791 V 
Atom 10 weights: 0.2865901804850173 Ni 0.23274079859139354 Cr 0.30656583604394794 Co 0.17410318487964135 V 
Atom 11 weights: 0.30191473677089636 Ni 0.24661772422227493 Cr 0.3007905585524609 Co 0.1506769804543679 V 
Atom 12 weights: 0.2977325174863861 Ni 0.22387927136560073 Cr 0.2712780574728517 Co 0.20711015367516147 V 
Atom 13 weights: 0.2955287014153841 Ni 0.2459623119501379 Cr 0.3367720947565809 Co 0.12173689187789716 V 
Atom 14 weights: 0.3195344589949691 Ni 0.25546598832901785 Cr 0.29853271927912656 Co 0.12646683339688652 V 
Atom 15 weights: 0.3297876257779302 Ni 0.3028435513438553 Cr 0.28521156552998017 Co 0.0821572573482342 V 
Atom 16 weights: 0.30781810297265877 Ni 0.29260031518221113 Cr 0.30664333015025586 Co 0.09293825169487417 V 
HEA binding free energy: 1.5199958152095971 eV, Target: 1.6 eV
Entropy: 21.519458344167134

Iteration 7, eta = 0.2
Atom 1 weights: 0.4085100531011074 Ni 0.12456662260907946 Cr 0.24859583143392233 Co 0.21832749285589095 V 
Atom 2 weights: 0.2576567520929084 Ni 0.22467913705465498 Cr 0.18810704300213243 Co 0.32955706785030425 V 
Atom 3 weights: 0.20634573703494305 Ni 0.2645086888774498 Cr 0.22047913992323903 Co 0.3086664341643682 V 
Atom 4 weights: 0.17621026009546942 Ni 0.21804926927112145 Cr 0.1348269628395327 Co 0.4709135077938764 V 
Atom 5 weights: 0.19308582163657337 Ni 0.22404482822206548 Cr 0.26678321220993967 Co 0.31608613793142143 V 
Atom 6 weights: 0.25407675836886834 Ni 0.22002144035917345 Cr 0.18289190386475976 Co 0.34300989740719845 V 
Atom 7 weights: 0.18552790669670732 Ni 0.2633783426802576 Cr 0.2546906902802416 Co 0.2964030603427934 V 
Atom 8 weights: 0.225773024773167 Ni 0.27285789555245904 Cr 0.21099284568943488 Co 0.29037623398493917 V 
Atom 9 weights: 0.2528098964199859 Ni 0.22616658583663093 Cr 0.23723340054390418 Co 0.2837901171994791 V 
Atom 10 weights: 0.2865901804850173 Ni 0.23274079859139354 Cr 0.30656583604394794 Co 0.17410318487964135 V 
Atom 11 weights: 0.30191473677089636 Ni 0.24661772422227493 Cr 0.3007905585524609 Co 0.1506769804543679 V 
Atom 12 weights: 0.2977325174863861 Ni 0.22387927136560073 Cr 0.2712780574728517 Co 0.20711015367516147 V 
Atom 13 weights: 0.2955287014153841 Ni 0.2459623119501379 Cr 0.3367720947565809 Co 0.12173689187789716 V 
Atom 14 weights: 0.3195344589949691 Ni 0.25546598832901785 Cr 0.29853271927912656 Co 0.12646683339688652 V 
Atom 15 weights: 0.3297876257779302 Ni 0.3028435513438553 Cr 0.28521156552998017 Co 0.0821572573482342 V 
Atom 16 weights: 0.30781810297265877 Ni 0.29260031518221113 Cr 0.30664333015025586 Co 0.09293825169487417 V 
HEA binding free energy: 0.7818460126048953 eV, Target: 1.6 eV
Entropy: 21.519458344167134

Iteration 8, eta = 0.2
Atom 1 weights: 0.41428981976943785 Ni 0.12409060839930537 Cr 0.2533643819157172 Co 0.20825518991553954 V 
Atom 2 weights: 0.25433874828773695 Ni 0.22405725130088827 Cr 0.1850023334492119 Co 0.3366016669621629 V 
Atom 3 weights: 0.20458822412904154 Ni 0.26417470946098276 Cr 0.21887159190500663 Co 0.3123654745049691 V 
Atom 4 weights: 0.17731761797359177 Ni 0.21820921143786515 Cr 0.13582098383715221 Co 0.4686521867513908 V 
Atom 5 weights: 0.19117542608737217 Ni 0.2236838621996366 Cr 0.2650410218448376 Co 0.32009968986815374 V 
Atom 6 weights: 0.2510852695875312 Ni 0.21948309191091742 Cr 0.1800660398143407 Co 0.34936559868721073 V 
Atom 7 weights: 0.1824678518429324 Ni 0.262828543135608 Cr 0.2518890431514527 Co 0.3028145618700068 V 
Atom 8 weights: 0.22314457841816338 Ni 0.27233385504099455 Cr 0.20852318682310728 Co 0.29599837971773474 V 
Atom 9 weights: 0.24899125342467238 Ni 0.22546220712204557 Cr 0.2336724594051314 Co 0.29187408004815063 V 
Atom 10 weights: 0.28868103171871556 Ni 0.2331487191579571 Cr 0.30854112018273594 Co 0.16962912894059134 V 
Atom 11 weights: 0.30425223339828983 Ni 0.24709020528437686 Cr 0.3029861195907619 Co 0.14567144172657145 V 
Atom 12 weights: 0.30001462740500723 Ni 0.22426409368072336 Cr 0.27339179387246904 Co 0.20232948504180032 V 
Atom 13 weights: 0.2963623151998052 Ni 0.24606159631612182 Cr 0.3375574515747466 Co 0.12001863690932643 V 
Atom 14 weights: 0.32135951697384607 Ni 0.2557168867076638 Cr 0.3001892239633381 Co 0.122734372355152 V 
Atom 15 weights: 0.3323587924154341 Ni 0.30327444816614124 Cr 0.28754284348972436 Co 0.07682391592870035 V 
Atom 16 weights: 0.3094201434398903 Ni 0.29285937185000277 Cr 0.3081097322481906 Co 0.08961075246191624 V 
HEA binding free energy: 0.9527055322174497 eV, Target: 1.6 eV
Entropy: 21.47981372073881

Iteration 9, eta = 0.2
Atom 1 weights: 0.4146361806044915 Ni 0.12396419755392467 Cr 0.2536034039342516 Co 0.20779621790733233 V 
Atom 2 weights: 0.25441530665171314 Ni 0.2240630340821784 Cr 0.1850647824555874 Co 0.33645687681052105 V 
Atom 3 weights: 0.2046532593377403 Ni 0.26418410336663894 Cr 0.2189309895541555 Co 0.3122316477414653 V 
Atom 4 weights: 0.1773739273206449 Ni 0.2182174290209064 Cr 0.13586855375819407 Co 0.46854008990025464 V 
Atom 5 weights: 0.19114840798388671 Ni 0.22367924523016358 Cr 0.2650231608465784 Co 0.3201491859393714 V 
Atom 6 weights: 0.2510596587742404 Ni 0.2194792986546 Cr 0.18003708953698158 Co 0.349423953034178 V 
Atom 7 weights: 0.182437087436814 Ni 0.2628289496708779 Cr 0.25186806213680396 Co 0.3028659007555041 V 
Atom 8 weights: 0.22312155947353884 Ni 0.27233417472392696 Cr 0.20850111380541123 Co 0.2960431519971229 V 
Atom 9 weights: 0.24897726387833616 Ni 0.22546009941967476 Cr 0.2336586528306304 Co 0.2919039838713587 V 
Atom 10 weights: 0.2886872476107625 Ni 0.23315156196590817 Cr 0.3085505479166967 Co 0.1696106425066326 V 
Atom 11 weights: 0.3042532556484512 Ni 0.24709302456269186 Cr 0.3029888470982605 Co 0.14566487269059653 V 
Atom 12 weights: 0.2999195138872691 Ni 0.22424213120620196 Cr 0.2733008213425159 Co 0.202537533564013 V 
Atom 13 weights: 0.2963105009079132 Ni 0.24605059546094335 Cr 0.33751345880393174 Co 0.1201254448272115 V 
Atom 14 weights: 0.3213136213881731 Ni 0.25570699083839854 Cr 0.3001450540122813 Co 0.12283433376114701 V 
Atom 15 weights: 0.3323113142067623 Ni 0.30326778901494045 Cr 0.2874950937183438 Co 0.07692580305995352 V 
Atom 16 weights: 0.3093636365265461 Ni 0.2928509272187644 Cr 0.30805755945523416 Co 0.08972787679945547 V 
HEA binding free energy: 0.967589246678307 eV, Target: 1.6 eV
Entropy: 21.48013568171646

Iteration 10, eta = 0.4
Atom 1 weights: 0.4146361806044915 Ni 0.12396419755392467 Cr 0.2536034039342516 Co 0.20779621790733233 V 
Atom 2 weights: 0.25441530665171314 Ni 0.2240630340821784 Cr 0.1850647824555874 Co 0.33645687681052105 V 
Atom 3 weights: 0.2046532593377403 Ni 0.26418410336663894 Cr 0.2189309895541555 Co 0.3122316477414653 V 
Atom 4 weights: 0.1773739273206449 Ni 0.2182174290209064 Cr 0.13586855375819407 Co 0.46854008990025464 V 
Atom 5 weights: 0.19114840798388671 Ni 0.22367924523016358 Cr 0.2650231608465784 Co 0.3201491859393714 V 
Atom 6 weights: 0.2510596587742404 Ni 0.2194792986546 Cr 0.18003708953698158 Co 0.349423953034178 V 
Atom 7 weights: 0.182437087436814 Ni 0.2628289496708779 Cr 0.25186806213680396 Co 0.3028659007555041 V 
Atom 8 weights: 0.22312155947353884 Ni 0.27233417472392696 Cr 0.20850111380541123 Co 0.2960431519971229 V 
Atom 9 weights: 0.24897726387833616 Ni 0.22546009941967476 Cr 0.2336586528306304 Co 0.2919039838713587 V 
Atom 10 weights: 0.2886872476107625 Ni 0.23315156196590817 Cr 0.3085505479166967 Co 0.1696106425066326 V 
Atom 11 weights: 0.3042532556484512 Ni 0.24709302456269186 Cr 0.3029888470982605 Co 0.14566487269059653 V 
Atom 12 weights: 0.2999195138872691 Ni 0.22424213120620196 Cr 0.2733008213425159 Co 0.202537533564013 V 
Atom 13 weights: 0.2963105009079132 Ni 0.24605059546094335 Cr 0.33751345880393174 Co 0.1201254448272115 V 
Atom 14 weights: 0.3213136213881731 Ni 0.25570699083839854 Cr 0.3001450540122813 Co 0.12283433376114701 V 
Atom 15 weights: 0.3323113142067623 Ni 0.30326778901494045 Cr 0.2874950937183438 Co 0.07692580305995352 V 
Atom 16 weights: 0.3093636365265461 Ni 0.2928509272187644 Cr 0.30805755945523416 Co 0.08972787679945547 V 
HEA binding free energy: 0.8211829036222175 eV, Target: 1.6 eV
Entropy: 21.48013568171646

Iteration 11, eta = 0.4
Atom 1 weights: 0.41795047896389687 Ni 0.12327292156600153 Cr 0.256083883978517 Co 0.20269271549158457 V 
Atom 2 weights: 0.2506412717067011 Ni 0.22335429003515014 Cr 0.18149886135681548 Co 0.3445055769013334 V 
Atom 3 weights: 0.20288413354821744 Ni 0.2638489716302828 Cr 0.21730279170468464 Co 0.31596410311681516 V 
Atom 4 weights: 0.18067241849295582 Ni 0.2188240247959915 Cr 0.1388786820466142 Co 0.4616248746644385 V 
Atom 5 weights: 0.19301188201659045 Ni 0.2240174722715431 Cr 0.2668309652865993 Co 0.3161396804252671 V 
Atom 6 weights: 0.25248737096248053 Ni 0.21973865024287997 Cr 0.18129833504035067 Co 0.34647564375428885 V 
Atom 7 weights: 0.18344967713513635 Ni 0.26307715550217303 Cr 0.2528865431981611 Co 0.3005866241645294 V 
Atom 8 weights: 0.22274738656593943 Ni 0.2722731519537249 Cr 0.20812770120019697 Co 0.29685176028013877 V 
Atom 9 weights: 0.24216629924578192 Ni 0.224133681845813 Cr 0.22730291377138365 Co 0.3063971051370214 V 
Atom 10 weights: 0.28794388378689467 Ni 0.23301932515314544 Cr 0.3078821228785116 Co 0.17115466818144842 V 
Atom 11 weights: 0.3028286327633771 Ni 0.24683220881869042 Cr 0.3016627474496609 Co 0.14867641096827167 V 
Atom 12 weights: 0.2977117783609157 Ni 0.22376224869790684 Cr 0.2712073461419703 Co 0.20731862679920718 V 
Atom 13 weights: 0.29582466705732763 Ni 0.24593231824838324 Cr 0.33710632871758617 Co 0.12113668597670292 V 
Atom 14 weights: 0.3225754702963911 Ni 0.25589636846104535 Cr 0.30129018950405095 Co 0.12023797173851258 V 
Atom 15 weights: 0.33539728758585974 Ni 0.30389487440159146 Cr 0.2903142666438552 Co 0.07039357136869351 V 
Atom 16 weights: 0.31182083869646215 Ni 0.29333605264547014 Cr 0.3103351013990807 Co 0.08450800725898701 V 
HEA binding free energy: 0.8379700815520197 eV, Target: 1.6 eV
Entropy: 21.46596847279202

Iteration 12, eta = 0.4
Atom 1 weights: 0.4183658207875129 Ni 0.12300311711887342 Cr 0.25630159634491917 Co 0.2023294657486945 V 
Atom 2 weights: 0.24976858771894486 Ni 0.22318876010590005 Cr 0.18066999492751487 Co 0.34637265724764027 V 
Atom 3 weights: 0.202304465483158 Ni 0.26374171353771036 Cr 0.21676912446414573 Co 0.31718469651498593 V 
Atom 4 weights: 0.1805455115701272 Ni 0.2187888668513788 Cr 0.13874523325826385 Co 0.4619203883202302 V 
Atom 5 weights: 0.19331682469143988 Ni 0.22407243058169052 Cr 0.26713593268808006 Co 0.31547481203878946 V 
Atom 6 weights: 0.25263063418293485 Ni 0.2197617434047125 Cr 0.18141199174511868 Co 0.34619563066723397 V 
Atom 7 weights: 0.1834386036411431 Ni 0.26308575678461693 Cr 0.2528974159200337 Co 0.3005782236542063 V 
Atom 8 weights: 0.22249157991502047 Ni 0.27222543473412963 Cr 0.20788274767387235 Co 0.29740023767697743 V 
Atom 9 weights: 0.24112750464813235 Ni 0.2239270213335816 Cr 0.2263305614579685 Co 0.30861491256031753 V 
Atom 10 weights: 0.2878798135760045 Ni 0.2330017126253396 Cr 0.3078286922904755 Co 0.1712897815081805 V 
Atom 11 weights: 0.30266794513740747 Ni 0.24679825213227163 Cr 0.3015130629793677 Co 0.14902073975095306 V 
Atom 12 weights: 0.2971407667910393 Ni 0.22363406803184258 Cr 0.2706643405744368 Co 0.2085608246026815 V 
Atom 13 weights: 0.29634214572986417 Ni 0.246015839468921 Cr 0.33759773246879954 Co 0.12004428233241539 V 
Atom 14 weights: 0.32347203926449414 Ni 0.2560544061992094 Cr 0.30211566942659884 Co 0.11835788510969766 V 
Atom 15 weights: 0.33636805051134766 Ni 0.3040895744335411 Cr 0.29120133286450456 Co 0.06834104219060667 V 
Atom 16 weights: 0.31270081229507557 Ni 0.2935045259606487 Cr 0.3111491796080398 Co 0.08264548213623597 V 
HEA binding free energy: 0.9521676829044577 eV, Target: 1.6 eV
Entropy: 21.455701203644253

Iteration 13, eta = 0.4
Atom 1 weights: 0.419922475091008 Ni 0.12213002764749625 Cr 0.2571908300222102 Co 0.2007566672392855 V 
Atom 2 weights: 0.2502344716642969 Ni 0.2232142961648475 Cr 0.18101584425591905 Co 0.34553538791493654 V 
Atom 3 weights: 0.20276856257659515 Ni 0.2638322905722031 Cr 0.21720009893988285 Co 0.316199047911319 V 
Atom 4 weights: 0.1803484077199587 Ni 0.21871612810332708 Cr 0.1385078803258473 Co 0.4624275838508669 V 
Atom 5 weights: 0.19334637149671732 Ni 0.22407467858405902 Cr 0.26724072331334403 Co 0.3153382266058796 V 
Atom 6 weights: 0.2526252875504288 Ni 0.21974753750445503 Cr 0.1813385261250546 Co 0.3462886488200616 V 
Atom 7 weights: 0.18327240962821909 Ni 0.26309640662967343 Cr 0.25281780180768637 Co 0.30081338193442103 V 
Atom 8 weights: 0.22240462427631927 Ni 0.2722408837474232 Cr 0.20778575858759582 Co 0.29756873338866174 V 
Atom 9 weights: 0.2411633704191134 Ni 0.2239147474160968 Cr 0.2263507426027432 Co 0.3085711395620465 V 
Atom 10 weights: 0.287817424055106 Ni 0.23296891117523455 Cr 0.3077988900442239 Co 0.17141477472543565 V 
Atom 11 weights: 0.3027075444378358 Ni 0.24679487690460594 Cr 0.30155645731050273 Co 0.14894112134705548 V 
Atom 12 weights: 0.29672768836083147 Ni 0.2235187500386815 Cr 0.27025511707942795 Co 0.20949844452105898 V 
Atom 13 weights: 0.29632554308151604 Ni 0.24600357828058594 Cr 0.3376313873099577 Co 0.12003949132794034 V 
Atom 14 weights: 0.32359688946624077 Ni 0.25608305593278735 Cr 0.3022187190978256 Co 0.11810133550314633 V 
Atom 15 weights: 0.33618882770756736 Ni 0.30410078302043964 Cr 0.29099619686741784 Co 0.06871419240457499 V 
Atom 16 weights: 0.312531679939783 Ni 0.29350808900632197 Cr 0.3109969964858452 Co 0.08296323456804977 V 
HEA binding free energy: 0.9602015496957748 eV, Target: 1.6 eV
Entropy: 21.45498732280413

Iteration 14, eta = 0.4
Atom 1 weights: 0.44681940635998774 Ni 0.10658039085750408 Cr 0.2723082941876123 Co 0.1742919085948959 V 
Atom 2 weights: 0.26113476340816544 Ni 0.224153259359515 Cr 0.1895706187915708 Co 0.32514135844074876 V 
Atom 3 weights: 0.21065305622275504 Ni 0.2653193206976019 Cr 0.2245077757927534 Co 0.29951984728688974 V 
Atom 4 weights: 0.17307293652520572 Ni 0.21669784753876828 Cr 0.1307856905108564 Co 0.47944352542516966 V 
Atom 5 weights: 0.1951434913138895 Ni 0.22427664714561749 Cr 0.27027315010626074 Co 0.3103067114342322 V 
Atom 6 weights: 0.2535566907919762 Ni 0.2196325647038184 Cr 0.18094169255823933 Co 0.34586905194596607 V 
Atom 7 weights: 0.18131728734363625 Ni 0.2634512631101086 Cr 0.2523233165292322 Co 0.3029081330170231 V 
Atom 8 weights: 0.22173083042953246 Ni 0.27265975378103713 Cr 0.20684695036080658 Co 0.29876246542862395 V 
Atom 9 weights: 0.24313252534719995 Ni 0.22391125021963632 Cr 0.22792626336992855 Co 0.30502996106323527 V 
Atom 10 weights: 0.28860561632044834 Ni 0.23269687327097735 Cr 0.3090291525592902 Co 0.16966835784928413 V 
Atom 11 weights: 0.3056593291130392 Ni 0.24712711049120598 Cr 0.3044116691097863 Co 0.14280189128596865 V 
Atom 12 weights: 0.2893700325687638 Ni 0.22146170390379966 Cr 0.26295843532078045 Co 0.22620982820665606 V 
Atom 13 weights: 0.294482248641108 Ni 0.24552473604145977 Cr 0.336809807838534 Co 0.12318320747889824 V 
Atom 14 weights: 0.3240295178227674 Ni 0.2562717563654125 Cr 0.3023918559973604 Co 0.11730686981445979 V 
Atom 15 weights: 0.3314239720303647 Ni 0.30401017012433185 Cr 0.285875892388813 Co 0.07868996545649029 V 
Atom 16 weights: 0.3075698386852099 Ni 0.29320017416943855 Cr 0.3064797034439037 Co 0.09275028370144787 V 
HEA binding free energy: 0.9638604615040881 eV, Target: 1.6 eV
Entropy: 21.44305051300258

Iteration 15, eta = 0.4
Atom 1 weights: 0.45235455653450213 Ni 0.10386695651735872 Cr 0.27563650115388877 Co 0.16814198579425044 V 
Atom 2 weights: 0.2610188663154753 Ni 0.22392777282127796 Cr 0.1891742613689601 Co 0.3258790994942867 V 
Atom 3 weights: 0.21090185025262476 Ni 0.2653705060646995 Cr 0.22474672952150757 Co 0.29898091416116823 V 
Atom 4 weights: 0.17140995695273667 Ni 0.21620861532998203 Cr 0.12904506458132836 Co 0.483336363135953 V 
Atom 5 weights: 0.19535184982580175 Ni 0.22425855133800351 Cr 0.2707136490416827 Co 0.3096759497945121 V 
Atom 6 weights: 0.25395472759205306 Ni 0.2196292223773554 Cr 0.18106654527850047 Co 0.3453495047520911 V 
Atom 7 weights: 0.18129060548103787 Ni 0.2635609671941064 Cr 0.2525403519552389 Co 0.30260807536961687 V 
Atom 8 weights: 0.22197678457654707 Ni 0.2727841394287549 Cr 0.20700610056016552 Co 0.2982329754345325 V 
Atom 9 weights: 0.24559195452404609 Ni 0.2243945186111529 Cr 0.23019280131599745 Co 0.29982072554880357 V 
Atom 10 weights: 0.28830788552403125 Ni 0.23252011112722532 Cr 0.3088284875504978 Co 0.17034351579824566 V 
Atom 11 weights: 0.30580729130271866 Ni 0.24707691552475297 Cr 0.3045550259687466 Co 0.1425607672037818 V 
Atom 12 weights: 0.2898164653808374 Ni 0.2214294634594697 Cr 0.26329504551291216 Co 0.22545902564678066 V 
Atom 13 weights: 0.29375408928700975 Ni 0.24534951056936924 Cr 0.3362962302402014 Co 0.1246001699034196 V 
Atom 14 weights: 0.3235481659662264 Ni 0.25618058881082173 Cr 0.30189334114847444 Co 0.1183779040744775 V 
Atom 15 weights: 0.33097404750619686 Ni 0.3040523728880138 Cr 0.2853167210443794 Co 0.07965685856140996 V 
Atom 16 weights: 0.30675173763911096 Ni 0.2931486595880528 Cr 0.30573081469101704 Co 0.09436878808181923 V 
HEA binding free energy: 1.074010320037902 eV, Target: 1.6 eV
Entropy: 21.437601853626713

Iteration 16, eta = 0.4
Atom 1 weights: 0.45654431547798896 Ni 0.10141944698429722 Cr 0.27795165428172014 Co 0.16408458325599368 V 
Atom 2 weights: 0.2619808476219656 Ni 0.22392956849383797 Cr 0.18980382240701174 Co 0.32428576147718474 V 
Atom 3 weights: 0.21138092411659296 Ni 0.2654571334177709 Cr 0.2251932624327742 Co 0.2979686800328619 V 
Atom 4 weights: 0.17057825852961914 Ni 0.21593933183623037 Cr 0.12810622426248544 Co 0.48537618537166505 V 
Atom 5 weights: 0.19537091239919244 Ni 0.22422034277330394 Cr 0.27095957000721876 Co 0.30944917482028494 V 
Atom 6 weights: 0.2540196274203891 Ni 0.21957749698733345 Cr 0.1809059909377469 Co 0.34549688465453066 V 
Atom 7 weights: 0.18101450779546682 Ni 0.2636244629940724 Cr 0.25250681953761106 Co 0.3028542096728499 V 
Atom 8 weights: 0.22188867410893182 Ni 0.2728586502652289 Cr 0.20686913845010185 Co 0.29838353717573746 V 
Atom 9 weights: 0.24597597617044203 Ni 0.22441821296120895 Cr 0.23051089168033503 Co 0.29909491918801406 V 
Atom 10 weights: 0.2885513236806355 Ni 0.2324913905184847 Cr 0.30913609495187355 Co 0.16982119084900626 V 
Atom 11 weights: 0.3062980582420507 Ni 0.2471309412052722 Cr 0.30502684026826177 Co 0.14154416028441527 V 
Atom 12 weights: 0.28942003566880997 Ni 0.2212439904357556 Cr 0.26285180075036896 Co 0.22648417314506547 V 
Atom 13 weights: 0.2935303121271552 Ni 0.24527081843461576 Cr 0.3362359907676893 Co 0.12496287867053983 V 
Atom 14 weights: 0.323575558440153 Ni 0.2561782922023017 Cr 0.30187091370438757 Co 0.11837523565315786 V 
Atom 15 weights: 0.3306457390041132 Ni 0.3041135855928738 Cr 0.28488568117590507 Co 0.08035499422710794 V 
Atom 16 weights: 0.3063473432318545 Ni 0.2931714865403854 Cr 0.30536598669213005 Co 0.09511518353563017 V 
HEA binding free energy: 1.0805705929165301 eV, Target: 1.6 eV
Entropy: 21.4306277325626

Iteration 17, eta = 0.4
Atom 1 weights: 0.6268122144983628 Ni 0.001101653308202763 Cr 0.37208613219343445 Co 2.7755575615628914e-17 V 
Atom 2 weights: 0.3047815568459485 Ni 0.224680835930662 Cr 0.21892525644363967 Co 0.25161235077974986 V 
Atom 3 weights: 0.23625058731731807 Ni 0.27001528992199764 Cr 0.24832996803618304 Co 0.24540415472450125 V 
Atom 4 weights: 0.13408349944856707 Ni 0.20446313185832102 Cr 0.08751262443945436 Co 0.5739407442536575 V 
Atom 5 weights: 0.19833533175237947 Ni 0.22318254164199675 Cr 0.28289877267770064 Co 0.2955833539279232 V 
Atom 6 weights: 0.2578258984567762 Ni 0.2177879145312161 Cr 0.17559593867712156 Co 0.34879024833488625 V 
Atom 7 weights: 0.17006550093612766 Ni 0.2662222481817066 Cr 0.25130023178839533 Co 0.31241201909377037 V 
Atom 8 weights: 0.21871088776435818 Ni 0.27589683400638787 Cr 0.20169880051135086 Co 0.3036934777179032 V 
Atom 9 weights: 0.26385789347207483 Ni 0.22586728836519418 Cr 0.24558280467639698 Co 0.2646920134863339 V 
Atom 10 weights: 0.29629045997255776 Ni 0.23092530615784287 Cr 0.3195989426896597 Co 0.15318529117993968 V 
Atom 11 weights: 0.3247900026233662 Ni 0.2490327870447855 Cr 0.3228473939404759 Co 0.10332981639137238 V 
Atom 12 weights: 0.26946532007875235 Ni 0.21300730799098008 Cr 0.2412836087278456 Co 0.27624376320242205 V 
Atom 13 weights: 0.2835157255819917 Ni 0.2420128389463441 Cr 0.3328941293856037 Co 0.14157730608606062 V 
Atom 14 weights: 0.3243364030585804 Ni 0.2561916731084858 Cr 0.3007119204688973 Co 0.11876000336403648 V 
Atom 15 weights: 0.3145290686209666 Ni 0.3061031995146615 Cr 0.26489509662103333 Co 0.11447263524333848 V 
Atom 16 weights: 0.28698482842797096 Ni 0.29354892799522564 Cr 0.28784574506541694 Co 0.13162049851138657 V 
HEA binding free energy: 1.550419963276243 eV, Target: 1.6 eV
Entropy: 20.78940200279455

Iteration 18, eta = 0.4
Atom 1 weights: 0.6268279093585786 Ni 0.0010828542986988962 Cr 0.3720892363427225 Co 2.728194445971224e-17 V 
Atom 2 weights: 0.30478639330689217 Ni 0.22468031574209396 Cr 0.21892718880177142 Co 0.25160610214924245 V 
Atom 3 weights: 0.2362527320289483 Ni 0.27001608226995727 Cr 0.24833215537244713 Co 0.24539903032864732 V 
Atom 4 weights: 0.134081510567023 Ni 0.20446170231576874 Cr 0.08750905659307882 Co 0.5739477305241296 V 
Atom 5 weights: 0.19833477970780156 Ni 0.22318197728875852 Cr 0.28290063434676155 Co 0.2955826086566784 V 
Atom 6 weights: 0.25782669500313554 Ni 0.21778719344918085 Cr 0.17559432544978143 Co 0.3487917860979023 V 
Atom 7 weights: 0.17006343123881687 Ni 0.26622286734041745 Cr 0.2513005609432345 Co 0.3124131404775313 V 
Atom 8 weights: 0.2187106192964268 Ni 0.2758977215432318 Cr 0.20169797816794022 Co 0.3036936809924013 V 
Atom 9 weights: 0.26386015178302824 Ni 0.22586711660979847 Cr 0.24558447354970875 Co 0.2646882580574645 V 
Atom 10 weights: 0.29629073469240835 Ni 0.230924637128785 Cr 0.3196000186743913 Co 0.15318460950441537 V 
Atom 11 weights: 0.32479155592142656 Ni 0.24903272061910875 Cr 0.3228489711996786 Co 0.1033267522597861 V 
Atom 12 weights: 0.26946533705055914 Ni 0.21300619214447516 Cr 0.24128287721631347 Co 0.2762455935886521 V 
Atom 13 weights: 0.2835135271083931 Ni 0.24201201863983415 Cr 0.3328936148186694 Co 0.1415808394331034 V 
Atom 14 weights: 0.32433704047581485 Ni 0.2561916417526142 Cr 0.30071199607685756 Co 0.11875932169471332 V 
Atom 15 weights: 0.3145269867349722 Ni 0.3061040815131142 Cr 0.26489185946930227 Co 0.11447707228261143 V 
Atom 16 weights: 0.2869817413727204 Ni 0.29354937961006194 Cr 0.28784299381661566 Co 0.13162588520060212 V 
HEA binding free energy: 1.6289328496670763 eV, Target: 1.6 eV
Entropy: 20.789274826540044

Iteration 19, eta = 0.4
Atom 1 weights: 0.6273771422034928 Ni 4.996003610813204e-16 Cr 0.3718499124364804 Co 0.0007729453600262777 V 
Atom 2 weights: 0.30504999873503025 Ni 0.22462497416202953 Cr 0.21894479184597343 Co 0.2513802352569669 V 
Atom 3 weights: 0.2363918802962387 Ni 0.2701022049275898 Cr 0.2484899656562632 Co 0.24501594911990843 V 
Atom 4 weights: 0.13405070449370632 Ni 0.20438876171850454 Cr 0.08732911328300498 Co 0.5742314205047842 V 
Atom 5 weights: 0.1982109464329059 Ni 0.2231143319397435 Cr 0.28300818933563204 Co 0.2956665322917185 V 
Atom 6 weights: 0.2578847598667646 Ni 0.2177094022065078 Cr 0.17542596537740154 Co 0.348979872549326 V 
Atom 7 weights: 0.16989435911289616 Ni 0.26628043898299236 Cr 0.25135202596366496 Co 0.31247317594044655 V 
Atom 8 weights: 0.21868739075127497 Ni 0.2759829232263479 Cr 0.20162422306372832 Co 0.30370546295864886 V 
Atom 9 weights: 0.26388785009590976 Ni 0.2258047221240467 Cr 0.24556528858963395 Co 0.26474213919040956 V 
Atom 10 weights: 0.2962973495343069 Ni 0.2308536757521654 Cr 0.3196800946630341 Co 0.1531688800504936 V 
Atom 11 weights: 0.3248803369033222 Ni 0.249011387156535 Cr 0.32294149069179523 Co 0.1031667852483475 V 
Atom 12 weights: 0.26952935523027083 Ni 0.2129096753502354 Cr 0.24127047134105084 Co 0.2762904980784429 V 
Atom 13 weights: 0.2833764283973743 Ni 0.2419494461606452 Cr 0.33290905951458205 Co 0.14176506592739851 V 
Atom 14 weights: 0.3243445843863757 Ni 0.2561744342761099 Cr 0.3006696234664116 Co 0.11881135787110282 V 
Atom 15 weights: 0.31450550214487805 Ni 0.30622049462802836 Cr 0.2647494985539982 Co 0.11452450467309529 V 
Atom 16 weights: 0.2868774086975759 Ni 0.29363063967001907 Cr 0.2877568641776094 Co 0.13173508745479579 V 
HEA binding free energy: 1.61253581201786 eV, Target: 1.6 eV
Entropy: 20.78631100800186

Iteration 20, eta = 0.8
Atom 1 weights: 0.6273771422034928 Ni 4.996003610813204e-16 Cr 0.3718499124364804 Co 0.0007729453600262777 V 
Atom 2 weights: 0.30504999873503025 Ni 0.22462497416202953 Cr 0.21894479184597343 Co 0.2513802352569669 V 
Atom 3 weights: 0.2363918802962387 Ni 0.2701022049275898 Cr 0.2484899656562632 Co 0.24501594911990843 V 
Atom 4 weights: 0.13405070449370632 Ni 0.20438876171850454 Cr 0.08732911328300498 Co 0.5742314205047842 V 
Atom 5 weights: 0.1982109464329059 Ni 0.2231143319397435 Cr 0.28300818933563204 Co 0.2956665322917185 V 
Atom 6 weights: 0.2578847598667646 Ni 0.2177094022065078 Cr 0.17542596537740154 Co 0.348979872549326 V 
Atom 7 weights: 0.16989435911289616 Ni 0.26628043898299236 Cr 0.25135202596366496 Co 0.31247317594044655 V 
Atom 8 weights: 0.21868739075127497 Ni 0.2759829232263479 Cr 0.20162422306372832 Co 0.30370546295864886 V 
Atom 9 weights: 0.26388785009590976 Ni 0.2258047221240467 Cr 0.24556528858963395 Co 0.26474213919040956 V 
Atom 10 weights: 0.2962973495343069 Ni 0.2308536757521654 Cr 0.3196800946630341 Co 0.1531688800504936 V 
Atom 11 weights: 0.3248803369033222 Ni 0.249011387156535 Cr 0.32294149069179523 Co 0.1031667852483475 V 
Atom 12 weights: 0.26952935523027083 Ni 0.2129096753502354 Cr 0.24127047134105084 Co 0.2762904980784429 V 
Atom 13 weights: 0.2833764283973743 Ni 0.2419494461606452 Cr 0.33290905951458205 Co 0.14176506592739851 V 
Atom 14 weights: 0.3243445843863757 Ni 0.2561744342761099 Cr 0.3006696234664116 Co 0.11881135787110282 V 
Atom 15 weights: 0.31450550214487805 Ni 0.30622049462802836 Cr 0.2647494985539982 Co 0.11452450467309529 V 
Atom 16 weights: 0.2868774086975759 Ni 0.29363063967001907 Cr 0.2877568641776094 Co 0.13173508745479579 V 
HEA binding free energy: 1.6248306751081492 eV, Target: 1.6 eV
Entropy: 20.78631100800186

Iteration 21, eta = 0.8
Atom 1 weights: 0.6391957991596144 Ni 0.0 Cr 0.36080420084038556 Co 0.0 V 
Atom 2 weights: 0.3088136998742856 Ni 0.22213064383322206 Cr 0.214901816154504 Co 0.25415384013798836 V 
Atom 3 weights: 0.23382287567889606 Ni 0.27178583864069883 Cr 0.24716232195763255 Co 0.24722896372277262 V 
Atom 4 weights: 0.12262908732596624 Ni 0.2001363183940811 Cr 0.07168925207248607 Co 0.6055453422074667 V 
Atom 5 weights: 0.19328736355495602 Ni 0.2206250089684235 Cr 0.28591356629547726 Co 0.30017406118114315 V 
Atom 6 weights: 0.25842088105620625 Ni 0.21471092840461792 Cr 0.16838667844596988 Co 0.3584815120932059 V 
Atom 7 weights: 0.16214216497957515 Ni 0.2677188078068949 Cr 0.25113510143344653 Co 0.31900392578008346 V 
Atom 8 weights: 0.21533136487391996 Ni 0.27830325161785835 Cr 0.1967395863017345 Co 0.3096257972064873 V 
Atom 9 weights: 0.2655933707360315 Ni 0.2236488540820384 Cr 0.24554993005174916 Co 0.2652078451301809 V 
Atom 10 weights: 0.3006248468509699 Ni 0.22912159263671594 Cr 0.32616188430289333 Co 0.14409167620942082 V 
Atom 11 weights: 0.332217709797539 Ni 0.2490166360495755 Cr 0.33007620425305234 Co 0.08868944989983303 V 
Atom 12 weights: 0.2718042531040973 Ni 0.20957948329277376 Cr 0.24091091078553295 Co 0.27770535281759595 V 
Atom 13 weights: 0.2873128628084207 Ni 0.24135083737017932 Cr 0.34134130641354743 Co 0.12999499340785253 V 
Atom 14 weights: 0.33204640443715 Ni 0.2568909649085012 Cr 0.3061255691046114 Co 0.10493706154973743 V 
Atom 15 weights: 0.32106488997540666 Ni 0.31151702135725273 Cr 0.26667950232803705 Co 0.10073858633930362 V 
Atom 16 weights: 0.291194945425811 Ni 0.2978225435213312 Cr 0.29208669999776715 Co 0.1188958110550906 V 
HEA binding free energy: 1.5824178622939586 eV, Target: 1.6 eV
Entropy: 20.625960111099168

Iteration 22, eta = 0.8
Atom 1 weights: 0.7003615278786941 Ni 0.0 Cr 0.29963847212130595 Co 0.0 V 
Atom 2 weights: 0.32879731709539717 Ni 0.20924234954719112 Cr 0.19467336973478944 Co 0.2672869636226224 V 
Atom 3 weights: 0.2208636903971433 Ni 0.28003757255976924 Cr 0.2404024988937591 Co 0.2586962381493284 V 
Atom 4 weights: 0.03802170651334209 Ni 0.165028647921679 Cr 0.0 Co 0.7969496455649788 V 
Atom 5 weights: 0.16505038171576775 Ni 0.2074749714692839 Cr 0.2980271520469068 Co 0.3294474947680417 V 
Atom 6 weights: 0.2576999302769306 Ni 0.19896222477873154 Cr 0.12906246145265768 Co 0.4142753834916802 V 
Atom 7 weights: 0.11845959992442785 Ni 0.27453688226077333 Cr 0.2464084290272649 Co 0.3605950887875339 V 
Atom 8 weights: 0.1928947691504946 Ni 0.28916045268929275 Cr 0.1667894599421476 Co 0.35115531821806495 V 
Atom 9 weights: 0.28041814528307857 Ni 0.2131566455029872 Cr 0.25101180274803075 Co 0.25541340646590355 V 
Atom 10 weights: 0.3309790152498465 Ni 0.2216058582430656 Cr 0.3669680607706318 Co 0.08044706573645595 V 
Atom 11 weights: 0.3752112593304468 Ni 0.25000901922499325 Cr 0.37162668900121204 Co 0.003153032443347928 V 
Atom 12 weights: 0.288845782125823 Ni 0.1930260605663669 Cr 0.24395498711442848 Co 0.2741731701933816 V 
Atom 13 weights: 0.31322403805648946 Ni 0.23931780924961585 Cr 0.38989308210971607 Co 0.05756507058417862 V 
Atom 14 weights: 0.3751687699287118 Ni 0.2611597470575236 Cr 0.33741303918319004 Co 0.026258443830574504 V 
