   Eewald =     4436.6718372043114869
       EH =     5688.1965856714123220
     Eloc =   -11788.4353643383001327
      Enl =     -213.2993008758895712
   Epulay =       -0.0003062098084384
      Exc =     -195.7678582776782719
       KE =      662.4594299892537492
-------------------------------------
     Etot =    -1410.1749768366998978
       TS =        0.0044241643750287
-------------------------------------
        F =    -1410.1794010010748934
