Initilizing minimization for species Ni Cr Co V 

Target: 1.6 eV
Performing first surface calculations...
Surface calculations successfully finished.
Initial entropy parameter eta set to 0.05
_____________________________________________________________________
Beginning minimzation


Iteration 1, eta = 0.05
Atom 1 weights: 0.254953482763406 Ni 0.219641316012376 Cr 0.2753247243216225 Co 0.25008047690259555 V 
Atom 2 weights: 0.3036220076096855 Ni 0.2300336242075452 Cr 0.22513166398687845 Co 0.24121270419589086 V 
Atom 3 weights: 0.22083888817336436 Ni 0.2914877863620796 Cr 0.24176620236984742 Co 0.2459071230947086 V 
Atom 4 weights: 0.29784183575694584 Ni 0.27909471907134403 Cr 0.21097863271762363 Co 0.21208481245408656 V 
Atom 5 weights: 0.22009486583058607 Ni 0.28350700424534614 Cr 0.25790743793694537 Co 0.23849069198712236 V 
Atom 6 weights: 0.28666506252689666 Ni 0.2686974400283653 Cr 0.21714473819339927 Co 0.22749275925133874 V 
Atom 7 weights: 0.2544991464872699 Ni 0.254045397097324 Cr 0.23530396073052096 Co 0.2561514956848851 V 
Atom 8 weights: 0.25615550295678946 Ni 0.22520894701159155 Cr 0.23908474546857994 Co 0.27955080456303905 V 
Atom 9 weights: 0.22614688508493574 Ni 0.2607864433958295 Cr 0.24676541006528274 Co 0.266301261453952 V 
Atom 10 weights: 0.29299537379757473 Ni 0.22889128191583014 Cr 0.22902101780430864 Co 0.24909232648228655 V 
Atom 11 weights: 0.26670379070226524 Ni 0.23818482517295042 Cr 0.25315059162608333 Co 0.241960792498701 V 
Atom 12 weights: 0.26398850744151975 Ni 0.25359893193886185 Cr 0.23237399426077818 Co 0.25003856635884014 V 
Atom 13 weights: 0.26169430971430296 Ni 0.26047848106715765 Cr 0.27111645945795143 Co 0.20671074976058795 V 
Atom 14 weights: 0.29363778572473337 Ni 0.24480469118795062 Cr 0.24692661203110527 Co 0.21463091105621068 V 
Atom 15 weights: 0.23295828925411788 Ni 0.2119498045279731 Cr 0.2946390982088468 Co 0.26045280800906223 V 
Atom 16 weights: 0.25724925669555865 Ni 0.23276345025837766 Cr 0.2517859671352136 Co 0.25820132591085004 V 
HEA binding free energy: 0.5794232335806957 eV, Target: 1.6 eV
Entropy: 22.10821119291143

Iteration 2, eta = 0.05
Atom 1 weights: 0.2631223380142253 Ni 0.2157227427083483 Cr 0.28074548360653184 Co 0.24040943567089465 V 
Atom 2 weights: 0.30818097847887904 Ni 0.23071552257191608 Cr 0.22925844896534114 Co 0.23184504998386382 V 
Atom 3 weights: 0.2227576361806651 Ni 0.29173058328284 Cr 0.24348704415364214 Co 0.2420247363828528 V 
Atom 4 weights: 0.297949060316109 Ni 0.27900262837761125 Cr 0.21100636953029545 Co 0.21204194177598423 V 
Atom 5 weights: 0.22057272974116823 Ni 0.28369750459186266 Cr 0.2583914052958052 Co 0.23733836037116413 V 
Atom 6 weights: 0.28685747609110923 Ni 0.26870352142605103 Cr 0.21728441491569744 Co 0.22715458756714235 V 
Atom 7 weights: 0.2553348636264313 Ni 0.2542072402919154 Cr 0.23607417372890563 Co 0.2543837223527478 V 
Atom 8 weights: 0.25563710616120056 Ni 0.22516165625685064 Cr 0.2386197244956442 Co 0.2805815130863046 V 
Atom 9 weights: 0.22577095235630862 Ni 0.2608073818783444 Cr 0.24645258323369526 Co 0.26696908253165164 V 
Atom 10 weights: 0.292466628828079 Ni 0.22874858468926296 Cr 0.2284919922680528 Co 0.2502927942146052 V 
Atom 11 weights: 0.2655758266748377 Ni 0.23789653231425384 Cr 0.25208051009070276 Co 0.24444713092020579 V 
Atom 12 weights: 0.2636850279189246 Ni 0.25358768930144426 Cr 0.23208917812876387 Co 0.25063810465086733 V 
Atom 13 weights: 0.2597854985800798 Ni 0.2601237016481556 Cr 0.2693479212388335 Co 0.21074287853293103 V 
Atom 14 weights: 0.29022330860875184 Ni 0.24416764839390756 Cr 0.2437388524110674 Co 0.2218701905862733 V 
Atom 15 weights: 0.23414952178737497 Ni 0.21220271715250982 Cr 0.29578379273260347 Co 0.2578639683275117 V 
Atom 16 weights: 0.25531086148182375 Ni 0.23241683571708455 Cr 0.24998906449337993 Co 0.2622832383077117 V 
HEA binding free energy: 0.5983776896019003 eV, Target: 1.6 eV
Entropy: 22.10798157286901

Iteration 3, eta = 0.05
Atom 1 weights: 0.27368311402349266 Ni 0.20880410414550477 Cr 0.2869972252947244 Co 0.23051555653627828 V 
Atom 2 weights: 0.3112616971624091 Ni 0.23112786473317173 Cr 0.23198082550795196 Co 0.22562961259646713 V 
Atom 3 weights: 0.22272305546961113 Ni 0.29161612381417285 Cr 0.24340257627551978 Co 0.24225824444069624 V 
Atom 4 weights: 0.2972429283304433 Ni 0.2787963876538368 Cr 0.21026919520054865 Co 0.21369148881517114 V 
Atom 5 weights: 0.21880982011817446 Ni 0.2833763184294906 Cr 0.25678338065831796 Co 0.24103048079401704 V 
Atom 6 weights: 0.2856472294578758 Ni 0.268488443766472 Cr 0.21611873444230384 Co 0.2297455923333483 V 
Atom 7 weights: 0.2549855583846536 Ni 0.2541724880336586 Cr 0.23575280649284347 Co 0.25508914708884445 V 
Atom 8 weights: 0.25248082138975125 Ni 0.22457803843290852 Cr 0.2356831107504066 Co 0.28725802942693357 V 
Atom 9 weights: 0.22553534494057653 Ni 0.2608123715895567 Cr 0.2462539570401592 Co 0.2673983264297075 V 
Atom 10 weights: 0.2928306741850356 Ni 0.2287277998768713 Cr 0.22877089460035524 Co 0.24967063133773792 V 
Atom 11 weights: 0.26421967030226223 Ni 0.23754221790726532 Cr 0.2507956098739589 Co 0.24744250191651354 V 
Atom 12 weights: 0.26494389415254305 Ni 0.25386683304023294 Cr 0.23323705149450286 Co 0.24795222131272127 V 
Atom 13 weights: 0.2612750203248526 Ni 0.2604404758466339 Cr 0.2707420854819732 Co 0.20754241834654036 V 
Atom 14 weights: 0.2896125844502301 Ni 0.24400962228988704 Cr 0.24312744296394903 Co 0.22325035029593393 V 
Atom 15 weights: 0.23855114201136393 Ni 0.21303437810200562 Cr 0.29992747818533805 Co 0.24848700170129234 V 
Atom 16 weights: 0.25709064269405424 Ni 0.2327776074781724 Cr 0.2516480243924314 Co 0.25848372543534215 V 
HEA binding free energy: 0.6693795438768182 eV, Target: 1.6 eV
Entropy: 22.102697297945717

Iteration 4, eta = 0.05
Atom 1 weights: 0.32371838576043394 Ni 0.17762939563927257 Cr 0.31726838387627293 Co 0.18138383472402042 V 
Atom 2 weights: 0.32618773102811616 Ni 0.2330614625666642 Cr 0.2451904054366372 Co 0.19556040096858246 V 
Atom 3 weights: 0.22614866945054468 Ni 0.2917915930489295 Cr 0.2463390266297204 Co 0.2357207108708055 V 
Atom 4 weights: 0.298975765651603 Ni 0.2788123528947475 Cr 0.2114818741462628 Co 0.21073000730738678 V 
Atom 5 weights: 0.2122229263020343 Ni 0.2822207178466081 Cr 0.2508062530646721 Co 0.2547501027866855 V 
Atom 6 weights: 0.2818251069330527 Ni 0.2679612437046513 Cr 0.21241488158985433 Co 0.23779876777244166 V 
Atom 7 weights: 0.2541148406226049 Ni 0.25425088230522774 Cr 0.23498975248942294 Co 0.25664452458274434 V 
Atom 8 weights: 0.24076201271153244 Ni 0.222440471975905 Cr 0.22478199462096607 Co 0.3120155206915964 V 
Atom 9 weights: 0.2236742923038668 Ni 0.260651922473602 Cr 0.24461614710190244 Co 0.2710576381206288 V 
Atom 10 weights: 0.29314337015877845 Ni 0.22847117455756247 Cr 0.2288160364016723 Co 0.2495694188819867 V 
Atom 11 weights: 0.2576741953812785 Ni 0.23599328086178567 Cr 0.2446375075718194 Co 0.2616950161851164 V 
Atom 12 weights: 0.26869839030910875 Ni 0.25478091822866394 Cr 0.23664710698158858 Co 0.23987358448063875 V 
Atom 13 weights: 0.26417830773556933 Ni 0.2611731597836154 Cr 0.2735097932869934 Co 0.20113873919382202 V 
Atom 14 weights: 0.2853186747706307 Ni 0.24306426235995882 Cr 0.23895785763102348 Co 0.23265920523838698 V 
Atom 15 weights: 0.2516634990510609 Ni 0.21554822864850523 Cr 0.3123716771140953 Co 0.22041659518633863 V 
Atom 16 weights: 0.2610111519019619 Ni 0.2336566731366535 Cr 0.25533098159355694 Co 0.25000119336782767 V 
HEA binding free energy: 0.8732378559108475 eV, Target: 1.6 eV
Entropy: 22.050906530645474

Iteration 5, eta = 0.05
Atom 1 weights: 0.5139391926350612 Ni 0.053825213534813815 Cr 0.4322355938301251 Co 0.0 V 
Atom 2 weights: 0.38883496929669564 Ni 0.24151761938657923 Cr 0.3008817108656543 Co 0.068765700451071 V 
Atom 3 weights: 0.2440700479572979 Ni 0.29343567753723243 Cr 0.26203687509847456 Co 0.2004573994069951 V 
Atom 4 weights: 0.30357865808426787 Ni 0.278446898018323 Cr 0.2142505544900058 Co 0.20372388940740335 V 
Atom 5 weights: 0.18569477680237628 Ni 0.2774382677778693 Cr 0.22667679508379968 Co 0.3101901603359547 V 
Atom 6 weights: 0.26546645293759796 Ni 0.26548861533612145 Cr 0.1965888461207839 Co 0.2724560856054966 V 
Atom 7 weights: 0.24822411036889308 Ni 0.2539449198877344 Cr 0.22964864322214615 Co 0.2681823265212264 V 
Atom 8 weights: 0.1927328208778798 Ni 0.2135016481147587 Cr 0.18006022391085424 Co 0.4137053070965072 V 
Atom 9 weights: 0.2110629537353901 Ni 0.2589344471613798 Cr 0.23324667824847478 Co 0.29675592085475533 V 
Atom 10 weights: 0.2893064874121052 Ni 0.22654383038206213 Cr 0.22430122829903074 Co 0.25984845390680184 V 
Atom 11 weights: 0.2295750730960422 Ni 0.22949113338246732 Cr 0.2182377547347761 Co 0.3226960387867144 V 
Atom 12 weights: 0.28107538718310915 Ni 0.2578643209992898 Cr 0.24784273242379923 Co 0.21321755939380183 V 
Atom 13 weights: 0.27790934525450783 Ni 0.2644830438237268 Cr 0.2865334426565147 Co 0.1710741682652506 V 
Atom 14 weights: 0.2662379021954938 Ni 0.23897432178917327 Cr 0.22055950789293838 Co 0.27422826812239465 V 
Atom 15 weights: 0.30324153721065145 Ni 0.22548450172560847 Cr 0.3613093255530476 Co 0.10996463551069256 V 
Atom 16 weights: 0.2809860953253612 Ni 0.23795884621411342 Cr 0.2740387904879417 Co 0.20701626797258366 V 
HEA binding free energy: 1.5290190440802442 eV, Target: 1.6 eV
Entropy: 21.269668321885376

Iteration 6, eta = 0.05
Atom 1 weights: 0.51395427267845 Ni 0.05380377103595497 Cr 0.4322419562855949 Co 0.0 V 
Atom 2 weights: 0.3888373323516355 Ni 0.24151739199443736 Cr 0.3008827297794459 Co 0.06876254587448113 V 
Atom 3 weights: 0.24406900501711967 Ni 0.29343565006651334 Cr 0.26203597280673296 Co 0.20045937210963402 V 
Atom 4 weights: 0.30357806496025924 Ni 0.2784466133674432 Cr 0.2142486880876614 Co 0.20372663358463625 V 
Atom 5 weights: 0.18569373301291858 Ni 0.2774384551174085 Cr 0.22667626537722235 Co 0.3101915464924506 V 
Atom 6 weights: 0.2654669735308196 Ni 0.26548885766249114 Cr 0.19658839836416797 Co 0.27245577044252145 V 
Atom 7 weights: 0.2482249636331955 Ni 0.2539451049387268 Cr 0.22964917025984638 Co 0.26818076116823136 V 
Atom 8 weights: 0.19273080263222458 Ni 0.2135007821929473 Cr 0.1800580722765954 Co 0.41371034289823266 V 
Atom 9 weights: 0.2110651969744338 Ni 0.2589353045787604 Cr 0.23324909026078167 Co 0.29675040818602416 V 
Atom 10 weights: 0.2893081827481103 Ni 0.2265437115240063 Cr 0.22430195189165508 Co 0.2598461538362282 V 
Atom 11 weights: 0.2295757982900893 Ni 0.2294909227717268 Cr 0.21823822114846364 Co 0.32269505778972024 V 
Atom 12 weights: 0.2810777015536241 Ni 0.2578648739399669 Cr 0.2478444926117383 Co 0.21321293189467072 V 
Atom 13 weights: 0.27790814515405116 Ni 0.26448290717976763 Cr 0.28653245748055434 Co 0.1710764901856269 V 
Atom 14 weights: 0.26623575618225775 Ni 0.23897369295865692 Cr 0.22055689576836113 Co 0.27423365509072434 V 
Atom 15 weights: 0.3032448007253504 Ni 0.22548464569216153 Cr 0.36131319431097364 Co 0.10995735927151448 V 
Atom 16 weights: 0.2809863430218882 Ni 0.23795866905635765 Cr 0.27403895709927756 Co 0.20701603082247658 V 
HEA binding free energy: 1.539826381174571 eV, Target: 1.6 eV
Entropy: 21.26960508303606

Iteration 7, eta = 0.05
Atom 1 weights: 0.5143583132852031 Ni 0.0532294674410152 Cr 0.4324122192737815 Co 1.2064748777211294e-16 V 
Atom 2 weights: 0.3889523765253385 Ni 0.24152012298639394 Cr 0.30095991746424955 Co 0.06856758302401794 V 
Atom 3 weights: 0.24407915148518572 Ni 0.29344169121629043 Cr 0.2620467121042667 Co 0.20043244519425715 V 
Atom 4 weights: 0.3035810939266557 Ni 0.2784437786738233 Cr 0.21421984107591374 Co 0.2037552863236073 V 
Atom 5 weights: 0.1856583010244196 Ni 0.27744232264461804 Cr 0.22665440496034 Co 0.31024497137062224 V 
Atom 6 weights: 0.26546625151712877 Ni 0.2654926819308518 Cr 0.19656515240644729 Co 0.27247591414557204 V 
Atom 7 weights: 0.24825156535198306 Ni 0.253951901025771 Cr 0.22966778046894437 Co 0.26812875315330165 V 
Atom 8 weights: 0.19265871167061277 Ni 0.21347707815277753 Cr 0.17998472808538907 Co 0.4138794820912207 V 
Atom 9 weights: 0.21107991706384335 Ni 0.2589473056451761 Cr 0.23327038019032456 Co 0.29670239710065605 V 
Atom 10 weights: 0.289336136961152 Ni 0.22653814718651058 Cr 0.22430719900493992 Co 0.25981851684739754 V 
Atom 11 weights: 0.22955430811314056 Ni 0.22947933023452124 Cr 0.21821355434897413 Co 0.3227528073033641 V 
Atom 12 weights: 0.28113430087638824 Ni 0.2578784358422827 Cr 0.24788745905405657 Co 0.21309980422727248 V 
Atom 13 weights: 0.2779011726311135 Ni 0.26448461707245413 Cr 0.286529419851396 Co 0.17108479044503636 V 
Atom 14 weights: 0.26617473697980903 Ni 0.23895672181484864 Cr 0.2204851973612183 Co 0.27438334384412394 V 
Atom 15 weights: 0.3033486141406448 Ni 0.2254930109313248 Cr 0.3614302018033801 Co 0.10972817312465041 V 
Atom 16 weights: 0.28099845884612895 Ni 0.23795607485950337 Cr 0.2740488910610558 Co 0.206996575233312 V 
HEA binding free energy: 1.6105536101330395 eV, Target: 1.6 eV
Entropy: 21.267544122593506

Iteration 8, eta = 0.05
Atom 1 weights: 0.514375475008127 Ni 0.05319810837193043 Cr 0.43241784877664924 Co 8.567843293304201e-06 V 
Atom 2 weights: 0.38895775642443253 Ni 0.2415199837224056 Cr 0.3009630214904049 Co 0.06855923836275693 V 
Atom 3 weights: 0.24407919064343195 Ni 0.2934420904053932 Cr 0.2620468936155292 Co 0.20043182533564569 V 
Atom 4 weights: 0.3035806525950242 Ni 0.2784435683992554 Cr 0.21421738337083918 Co 0.2037583956348813 V 
Atom 5 weights: 0.18565763768919707 Ni 0.27744295697253113 Cr 0.22665452902674563 Co 0.31024487631152625 V 
Atom 6 weights: 0.2654671459541763 Ni 0.26549312671355074 Cr 0.19656449717032012 Co 0.27247523016195274 V 
Atom 7 weights: 0.2482544239164827 Ni 0.25395254021847813 Cr 0.2296700222093116 Co 0.2681230136557276 V 
Atom 8 weights: 0.1926562848991645 Ni 0.21347598353428923 Cr 0.1799820601821078 Co 0.41388567138443855 V 
Atom 9 weights: 0.2110810162314199 Ni 0.2589480625017009 Cr 0.2332718844901961 Co 0.2966990367766832 V 
Atom 10 weights: 0.2893383432115519 Ni 0.2265378959185894 Cr 0.22430789705384396 Co 0.2598158638160148 V 
Atom 11 weights: 0.22955397735237093 Ni 0.22947885470176027 Cr 0.2182129557803805 Co 0.32275421216548833 V 
Atom 12 weights: 0.28113826394182506 Ni 0.2578793391134994 Cr 0.24789049993311538 Co 0.21309189701156012 V 
Atom 13 weights: 0.27790057171370325 Ni 0.2644846948930638 Cr 0.286529090241731 Co 0.171085643151502 V 
Atom 14 weights: 0.2661709268896813 Ni 0.23895566860889844 Cr 0.22048068170655416 Co 0.27439272279486604 V 
Atom 15 weights: 0.3033519184219884 Ni 0.22549291031369234 Cr 0.36143462730522674 Co 0.10972054395909242 V 
Atom 16 weights: 0.2809983601295482 Ni 0.23795571818513753 Cr 0.2740487103743508 Co 0.20699721131096335 V 
HEA binding free energy: 1.58999691428326 eV, Target: 1.6 eV
Entropy: 21.267547762799527

Iteration 9, eta = 0.1
Atom 1 weights: 0.514375475008127 Ni 0.05319810837193043 Cr 0.43241784877664924 Co 8.567843293304201e-06 V 
Atom 2 weights: 0.38895775642443253 Ni 0.2415199837224056 Cr 0.3009630214904049 Co 0.06855923836275693 V 
Atom 3 weights: 0.24407919064343195 Ni 0.2934420904053932 Cr 0.2620468936155292 Co 0.20043182533564569 V 
Atom 4 weights: 0.3035806525950242 Ni 0.2784435683992554 Cr 0.21421738337083918 Co 0.2037583956348813 V 
Atom 5 weights: 0.18565763768919707 Ni 0.27744295697253113 Cr 0.22665452902674563 Co 0.31024487631152625 V 
Atom 6 weights: 0.2654671459541763 Ni 0.26549312671355074 Cr 0.19656449717032012 Co 0.27247523016195274 V 
Atom 7 weights: 0.2482544239164827 Ni 0.25395254021847813 Cr 0.2296700222093116 Co 0.2681230136557276 V 
Atom 8 weights: 0.1926562848991645 Ni 0.21347598353428923 Cr 0.1799820601821078 Co 0.41388567138443855 V 
Atom 9 weights: 0.2110810162314199 Ni 0.2589480625017009 Cr 0.2332718844901961 Co 0.2966990367766832 V 
Atom 10 weights: 0.2893383432115519 Ni 0.2265378959185894 Cr 0.22430789705384396 Co 0.2598158638160148 V 
Atom 11 weights: 0.22955397735237093 Ni 0.22947885470176027 Cr 0.2182129557803805 Co 0.32275421216548833 V 
Atom 12 weights: 0.28113826394182506 Ni 0.2578793391134994 Cr 0.24789049993311538 Co 0.21309189701156012 V 
Atom 13 weights: 0.27790057171370325 Ni 0.2644846948930638 Cr 0.286529090241731 Co 0.171085643151502 V 
Atom 14 weights: 0.2661709268896813 Ni 0.23895566860889844 Cr 0.22048068170655416 Co 0.27439272279486604 V 
Atom 15 weights: 0.3033519184219884 Ni 0.22549291031369234 Cr 0.36143462730522674 Co 0.10972054395909242 V 
Atom 16 weights: 0.2809983601295482 Ni 0.23795571818513753 Cr 0.2740487103743508 Co 0.20699721131096335 V 
HEA binding free energy: 1.5469549904971054 eV, Target: 1.6 eV
Entropy: 21.267547762799527

Iteration 10, eta = 0.2
Atom 1 weights: 0.514375475008127 Ni 0.05319810837193043 Cr 0.43241784877664924 Co 8.567843293304201e-06 V 
Atom 2 weights: 0.38895775642443253 Ni 0.2415199837224056 Cr 0.3009630214904049 Co 0.06855923836275693 V 
Atom 3 weights: 0.24407919064343195 Ni 0.2934420904053932 Cr 0.2620468936155292 Co 0.20043182533564569 V 
Atom 4 weights: 0.3035806525950242 Ni 0.2784435683992554 Cr 0.21421738337083918 Co 0.2037583956348813 V 
Atom 5 weights: 0.18565763768919707 Ni 0.27744295697253113 Cr 0.22665452902674563 Co 0.31024487631152625 V 
Atom 6 weights: 0.2654671459541763 Ni 0.26549312671355074 Cr 0.19656449717032012 Co 0.27247523016195274 V 
Atom 7 weights: 0.2482544239164827 Ni 0.25395254021847813 Cr 0.2296700222093116 Co 0.2681230136557276 V 
Atom 8 weights: 0.1926562848991645 Ni 0.21347598353428923 Cr 0.1799820601821078 Co 0.41388567138443855 V 
Atom 9 weights: 0.2110810162314199 Ni 0.2589480625017009 Cr 0.2332718844901961 Co 0.2966990367766832 V 
Atom 10 weights: 0.2893383432115519 Ni 0.2265378959185894 Cr 0.22430789705384396 Co 0.2598158638160148 V 
Atom 11 weights: 0.22955397735237093 Ni 0.22947885470176027 Cr 0.2182129557803805 Co 0.32275421216548833 V 
Atom 12 weights: 0.28113826394182506 Ni 0.2578793391134994 Cr 0.24789049993311538 Co 0.21309189701156012 V 
Atom 13 weights: 0.27790057171370325 Ni 0.2644846948930638 Cr 0.286529090241731 Co 0.171085643151502 V 
Atom 14 weights: 0.2661709268896813 Ni 0.23895566860889844 Cr 0.22048068170655416 Co 0.27439272279486604 V 
Atom 15 weights: 0.3033519184219884 Ni 0.22549291031369234 Cr 0.36143462730522674 Co 0.10972054395909242 V 
Atom 16 weights: 0.2809983601295482 Ni 0.23795571818513753 Cr 0.2740487103743508 Co 0.20699721131096335 V 
HEA binding free energy: 1.4797383281449736 eV, Target: 1.6 eV
Entropy: 21.267547762799527

Iteration 11, eta = 0.2
Atom 1 weights: 0.5164319330246357 Ni 0.050179866652526835 Cr 0.4333882003228375 Co 0.0 V 
Atom 2 weights: 0.39207021474277703 Ni 0.24197476173178678 Cr 0.303504646371578 Co 0.06245037715385821 V 
Atom 3 weights: 0.24724734839429852 Ni 0.2941427602563017 Cr 0.26502198341002825 Co 0.19358790793937158 V 
Atom 4 weights: 0.30755667755161803 Ni 0.2791951348920198 Cr 0.21747626874190323 Co 0.1957719188144589 V 
Atom 5 weights: 0.18366903760131634 Ni 0.27716872324820435 Cr 0.22495541978330297 Co 0.31420681936717637 V 
Atom 6 weights: 0.26403527534701116 Ni 0.26525147246111874 Cr 0.1949179489511614 Co 0.2757953032407086 V 
Atom 7 weights: 0.2465434002599247 Ni 0.25365511131939195 Cr 0.22799688579699573 Co 0.2718046026236877 V 
Atom 8 weights: 0.1904932550252022 Ni 0.21290100987493718 Cr 0.17787733647962883 Co 0.41872839862023187 V 
Atom 9 weights: 0.207405434690296 Ni 0.2583041152620577 Cr 0.22994174509909737 Co 0.3043487049485489 V 
Atom 10 weights: 0.2871222776540516 Ni 0.22597424392467752 Cr 0.22195043591538527 Co 0.26495304250588564 V 
Atom 11 weights: 0.22607082953228064 Ni 0.22866810147909564 Cr 0.21489311098924815 Co 0.33036795799937557 V 
Atom 12 weights: 0.2774951870925485 Ni 0.25716239700461885 Cr 0.24434834352369997 Co 0.22099407237913274 V 
Atom 13 weights: 0.27949596435019697 Ni 0.2647963123856657 Cr 0.2880495043260718 Co 0.16765821893806565 V 
Atom 14 weights: 0.26866619067486847 Ni 0.23935129053544243 Cr 0.2225919355116714 Co 0.26939058327801774 V 
Atom 15 weights: 0.3073434783312415 Ni 0.22607405495769423 Cr 0.3654373124159332 Co 0.1011451542951311 V 
Atom 16 weights: 0.28325156052632194 Ni 0.23827925746991 Cr 0.27611538999154955 Co 0.20235379201221848 V 
HEA binding free energy: 1.5523440448610715 eV, Target: 1.6 eV
Entropy: 21.22386152671283

Iteration 12, eta = 0.4
Atom 1 weights: 0.5164319330246357 Ni 0.050179866652526835 Cr 0.4333882003228375 Co 0.0 V 
Atom 2 weights: 0.39207021474277703 Ni 0.24197476173178678 Cr 0.303504646371578 Co 0.06245037715385821 V 
Atom 3 weights: 0.24724734839429852 Ni 0.2941427602563017 Cr 0.26502198341002825 Co 0.19358790793937158 V 
Atom 4 weights: 0.30755667755161803 Ni 0.2791951348920198 Cr 0.21747626874190323 Co 0.1957719188144589 V 
Atom 5 weights: 0.18366903760131634 Ni 0.27716872324820435 Cr 0.22495541978330297 Co 0.31420681936717637 V 
Atom 6 weights: 0.26403527534701116 Ni 0.26525147246111874 Cr 0.1949179489511614 Co 0.2757953032407086 V 
Atom 7 weights: 0.2465434002599247 Ni 0.25365511131939195 Cr 0.22799688579699573 Co 0.2718046026236877 V 
Atom 8 weights: 0.1904932550252022 Ni 0.21290100987493718 Cr 0.17787733647962883 Co 0.41872839862023187 V 
Atom 9 weights: 0.207405434690296 Ni 0.2583041152620577 Cr 0.22994174509909737 Co 0.3043487049485489 V 
Atom 10 weights: 0.2871222776540516 Ni 0.22597424392467752 Cr 0.22195043591538527 Co 0.26495304250588564 V 
Atom 11 weights: 0.22607082953228064 Ni 0.22866810147909564 Cr 0.21489311098924815 Co 0.33036795799937557 V 
Atom 12 weights: 0.2774951870925485 Ni 0.25716239700461885 Cr 0.24434834352369997 Co 0.22099407237913274 V 
Atom 13 weights: 0.27949596435019697 Ni 0.2647963123856657 Cr 0.2880495043260718 Co 0.16765821893806565 V 
Atom 14 weights: 0.26866619067486847 Ni 0.23935129053544243 Cr 0.2225919355116714 Co 0.26939058327801774 V 
Atom 15 weights: 0.3073434783312415 Ni 0.22607405495769423 Cr 0.3654373124159332 Co 0.1011451542951311 V 
Atom 16 weights: 0.28325156052632194 Ni 0.23827925746991 Cr 0.27611538999154955 Co 0.20235379201221848 V 
HEA binding free energy: 1.5637939675508805 eV, Target: 1.6 eV
Entropy: 21.22386152671283

Iteration 13, eta = 0.4
Atom 1 weights: 0.5286998143889692 Ni 0.031757505833212754 Cr 0.439542679777818 Co 5.551115123125783e-17 V 
Atom 2 weights: 0.39815584213397603 Ni 0.24106241103997833 Cr 0.3044550032674452 Co 0.05632674355860054 V 
Atom 3 weights: 0.24328230313672575 Ni 0.29603013500845593 Cr 0.26239784266982236 Co 0.19828971918499594 V 
Atom 4 weights: 0.3080252851269629 Ni 0.2803422465962446 Cr 0.21275569504181288 Co 0.1988767732349796 V 
Atom 5 weights: 0.17882312819360652 Ni 0.2786124887461723 Cr 0.22264183817987396 Co 0.3199225448803473 V 
Atom 6 weights: 0.26396230129093057 Ni 0.2659997113715482 Cr 0.1907717733860628 Co 0.27926621395145834 V 
Atom 7 weights: 0.24515074518785496 Ni 0.25365777691631325 Cr 0.22558107478105324 Co 0.2756104031147785 V 
Atom 8 weights: 0.18626850017775473 Ni 0.21055525312357887 Cr 0.17294217120658278 Co 0.4302340754920837 V 
Atom 9 weights: 0.20615629772456043 Ni 0.25909917657960146 Cr 0.22996311909121334 Co 0.3047814066046247 V 
Atom 10 weights: 0.2903522177766592 Ni 0.22471136522999977 Cr 0.22119768029782327 Co 0.26373873669551773 V 
Atom 11 weights: 0.2256954358659697 Ni 0.22757830549799946 Cr 0.2137671987694078 Co 0.3329590598666231 V 
Atom 12 weights: 0.28060004156899854 Ni 0.25786236134231233 Cr 0.2453589224455119 Co 0.21617867464317725 V 
Atom 13 weights: 0.28385033922556935 Ni 0.2661221750823508 Cr 0.2927102850177412 Co 0.15731720067433858 V 
Atom 14 weights: 0.2721913689978303 Ni 0.23912833423260635 Cr 0.22316897720202167 Co 0.2655113195675417 V 
Atom 15 weights: 0.31313352330011357 Ni 0.2250162573830886 Cr 0.37452610698413036 Co 0.08732411233266756 V 
Atom 16 weights: 0.2878469572854808 Ni 0.23800312525678555 Cr 0.28007676927551706 Co 0.19407314818221658 V 
HEA binding free energy: 1.582810614742324 eV, Target: 1.6 eV
Entropy: 21.12186491490149

Iteration 14, eta = 0.4
Atom 1 weights: 0.5550218825568791 Ni 0.0 Cr 0.4449781174431208 Co 0.0 V 
Atom 2 weights: 0.4253913417517501 Ni 0.2387006882220609 Cr 0.3128644149795873 Co 0.02304355504660178 V 
Atom 3 weights: 0.2372095092248139 Ni 0.3043485838675158 Cr 0.2605129986582726 Co 0.19792890824939754 V 
Atom 4 weights: 0.3161284749062024 Ni 0.28569948102001097 Cr 0.20177127098242362 Co 0.19640077309136306 V 
Atom 5 weights: 0.1634500397067469 Ni 0.28419377152627595 Cr 0.21620786477473258 Co 0.3361483239922446 V 
Atom 6 weights: 0.26574135356106976 Ni 0.2690509472729469 Cr 0.17778394725715546 Co 0.28742375190882796 V 
Atom 7 weights: 0.24271241055660708 Ni 0.2541362946909899 Cr 0.21928146516442137 Co 0.28386982958798174 V 
Atom 8 weights: 0.1725373918327245 Ni 0.2023869348584653 Cr 0.15655666004991425 Co 0.4685190132588959 V 
Atom 9 weights: 0.1986689363134588 Ni 0.2613096463003879 Cr 0.22723479657308931 Co 0.31278662081306396 V 
Atom 10 weights: 0.2996891921769932 Ni 0.21977591714232314 Cr 0.21641575910771987 Co 0.26411913157296385 V 
Atom 11 weights: 0.22203923752389845 Ni 0.22325290113646828 Cr 0.2075920805900248 Co 0.3471157807496085 V 
Atom 12 weights: 0.2885770980667394 Ni 0.25979189189937496 Cr 0.24605975063014995 Co 0.20557125940373577 V 
Atom 13 weights: 0.2937225877819267 Ni 0.2698973784797929 Cr 0.30413731146436807 Co 0.13224272227391234 V 
Atom 14 weights: 0.2793661295313866 Ni 0.23738747997102352 Cr 0.2201943844535337 Co 0.2630520060440562 V 
Atom 15 weights: 0.3286697436074337 Ni 0.22038701103695837 Cr 0.4023016991643287 Co 0.04864154619127923 V 
Atom 16 weights: 0.2985709791494785 Ni 0.2360652376714836 Cr 0.28898139367172715 Co 0.17638238950731078 V 
HEA binding free energy: 1.5164672019560432 eV, Target: 1.6 eV
Entropy: 20.75252512251646

Iteration 15, eta = 0.4
Atom 1 weights: 0.5794842853233011 Ni 1.1102230246251565e-16 Cr 0.4205157146766988 Co 1.1102230246251565e-16 V 
Atom 2 weights: 0.4757139907458218 Ni 0.20583869314115347 Cr 0.3184473161130245 Co 1.6653345369377348e-16 V 
Atom 3 weights: 0.22660302953102324 Ni 0.32394828409949833 Cr 0.25914828858194383 Co 0.19030039778753463 V 
Atom 4 weights: 0.31830844233905686 Ni 0.29461593171324985 Cr 0.1609925392446627 Co 0.22608308670303065 V 
Atom 5 weights: 0.130550291303929 Ni 0.29758310828292567 Cr 0.2037246747532477 Co 0.36814192565989756 V 
Atom 6 weights: 0.28156449966799557 Ni 0.27823267807131985 Cr 0.15872168132081796 Co 0.28148114093986665 V 
Atom 7 weights: 0.25007982812756974 Ni 0.25832873063975237 Cr 0.21698008842891905 Co 0.27461135280375876 V 
Atom 8 weights: 0.14063790710883298 Ni 0.18341835660136996 Cr 0.11853048405679169 Co 0.5574132522330053 V 
Atom 9 weights: 0.1776239329045777 Ni 0.26500724490076033 Cr 0.21726385640034915 Co 0.3401049657943128 V 
Atom 10 weights: 0.32236923140845986 Ni 0.20792442006018166 Cr 0.20631122955890843 Co 0.26339511897245005 V 
Atom 11 weights: 0.1889575729785583 Ni 0.2083577557137459 Cr 0.17037770506019936 Co 0.4323069662474964 V 
Atom 12 weights: 0.2896713924153051 Ni 0.2599968275648524 Cr 0.2313641249186544 Co 0.21896765510118807 V 
Atom 13 weights: 0.3152024767580073 Ni 0.27855345215685534 Cr 0.3293081986842152 Co 0.07693587240092223 V 
Atom 14 weights: 0.29927701218235364 Ni 0.2345917049587544 Cr 0.21661168682906634 Co 0.24951959602982565 V 
Atom 15 weights: 0.3531694062594924 Ni 0.19233493865647663 Cr 0.4544956550840311 Co 0.0 V 
Atom 16 weights: 0.3244872451653551 Ni 0.23211912193819703 Cr 0.31065278544657426 Co 0.1327408474498736 V 
HEA binding free energy: 1.317896649516225 eV, Target: 1.6 eV
Entropy: 20.126411654336607

Iteration 16, eta = 0.4
Atom 1 weights: 0.5369309256061502 Ni 0.17715758019856956 Cr 0.2859114941952803 Co 2.7755575615628914e-17 V 
Atom 2 weights: 0.5672329061165924 Ni 0.10194666887537558 Cr 0.33082042500803166 Co 3.3306690738754696e-16 V 
Atom 3 weights: 0.23086732717711386 Ni 0.3598889073734842 Cr 0.27660389824146436 Co 0.13263986720793758 V 
Atom 4 weights: 0.3114512876830833 Ni 0.3062558330433839 Cr 0.08287222872551572 Co 0.29942065054801703 V 
Atom 5 weights: 0.0743789172826919 Ni 0.31911116532915607 Cr 0.181496757896258 Co 0.425013159491894 V 
Atom 6 weights: 0.3525135930845069 Ni 0.30296571555727414 Cr 0.1687909665424286 Co 0.17572972481579033 V 
Atom 7 weights: 0.29248879660831123 Ni 0.2719199389383001 Cr 0.24150533542330288 Co 0.19408592903008576 V 
Atom 8 weights: 0.10435604848883838 Ni 0.15517066925630482 Cr 0.07072798192330981 Co 0.669745300331547 V 
Atom 9 weights: 0.14157846373872834 Ni 0.270280481896066 Cr 0.19950315318733158 Co 0.3886379011778741 V 
Atom 10 weights: 0.34691731459437564 Ni 0.185448276387245 Cr 0.17710526339626123 Co 0.2905291456221181 V 
Atom 11 weights: 0.08223245150207821 Ni 0.17223018025013298 Cr 0.05998511401158338 Co 0.6855522542362054 V 
Atom 12 weights: 0.24834281971452915 Ni 0.25017833179472326 Cr 0.16634549705374171 Co 0.33513335143700596 V 
Atom 13 weights: 0.3446461544806367 Ni 0.28997132660982156 Cr 0.3653825189095417 Co 0.0 V 
Atom 14 weights: 0.3400612462417673 Ni 0.23367542913010658 Cr 0.21847583154206118 Co 0.20778749308606503 V 
Atom 15 weights: 0.3375766642184767 Ni 0.10895096963654895 Cr 0.4866592912681426 Co 0.06681307487683173 V 
Atom 16 weights: 0.331292075585949 Ni 0.22099101798845538 Cr 0.3136253900579663 Co 0.13409151636762934 V 
HEA binding free energy: 1.4312148122782589 eV, Target: 1.6 eV
Entropy: 19.353194417983655

Iteration 17, eta = 0.4
Atom 1 weights: 0.5820721238055696 Ni 0.14988984512466297 Cr 0.2680380310697674 Co 0.0 V 
Atom 2 weights: 0.6162471522722062 Ni 0.05282646244114114 Cr 0.3309263852866525 Co 1.6653345369377348e-16 V 
Atom 3 weights: 0.24066455098678136 Ni 0.3853548801966352 Cr 0.29470906909576305 Co 0.07927149972082045 V 
Atom 4 weights: 0.31110295344579536 Ni 0.3139137325539397 Cr 0.03605505988491859 Co 0.33892825411534644 V 
Atom 5 weights: 0.044309288823047376 Ni 0.33446056646158856 Cr 0.17299480189839916 Co 0.4482353428169648 V 
Atom 6 weights: 0.3840483086211886 Ni 0.31760629091072196 Cr 0.16221445794578152 Co 0.13613094252230792 V 
Atom 7 weights: 0.29722026571080706 Ni 0.27606016353069013 Cr 0.2361793210285784 Co 0.19054024972992453 V 
Atom 8 weights: 0.08933558258259246 Ni 0.13879157317840093 Cr 0.04778734210090125 Co 0.7240855021381053 V 
Atom 9 weights: 0.12957789607185188 Ni 0.2767599821832254 Cr 0.1987290730509998 Co 0.3949330486939229 V 
Atom 10 weights: 0.3596944246656228 Ni 0.17069162292895054 Cr 0.1553388405950153 Co 0.3142751118104114 V 
Atom 11 weights: 0.051206912358146374 Ni 0.15657169716825212 Cr 0.024067923801252583 Co 0.768153466672349 V 
Atom 12 weights: 0.262668698755138 Ni 0.25365123436673265 Cr 0.16293093997427816 Co 0.32074912690385127 V 
Atom 13 weights: 0.3441827571743202 Ni 0.2859081598835922 Cr 0.3699090829420877 Co 0.0 V 
Atom 14 weights: 0.3433248016899331 Ni 0.22805345105083427 Cr 0.19799248474354295 Co 0.2306292625156897 V 
Atom 15 weights: 0.3621432791637626 Ni 0.07973202420774601 Cr 0.5414676991108488 Co 0.016656997517642616 V 
Atom 16 weights: 0.328169089663035 Ni 0.21145056531209958 Cr 0.3083853940614138 Co 0.15199495096345164 V 
HEA binding free energy: 1.4011711671304774 eV, Target: 1.6 eV
Entropy: 18.45875776053441

Iteration 18, eta = 0.4
Atom 1 weights: 0.6781359567856221 Ni 0.07468724815378659 Cr 0.24717679506059131 Co 0.0 V 
Atom 2 weights: 0.6870126679594833 Ni 0.0 Cr 0.31298733204051676 Co 0.0 V 
Atom 3 weights: 0.24617826784586078 Ni 0.4292748501000623 Cr 0.31632429310695626 Co 0.008222588947120635 V 
Atom 4 weights: 0.2938319210386941 Ni 0.31169170955688097 Cr 1.1102230246251565e-16 Co 0.3944763694044247 V 
Atom 5 weights: 0.0 Ni 0.3577058902077535 Cr 0.1503458906028765 Co 0.49194821918937 V 
Atom 6 weights: 0.4345913109951061 Ni 0.342487392916319 Cr 0.1432556212370043 Co 0.07966567485157039 V 
Atom 7 weights: 0.3041068432598565 Ni 0.2832790411335471 Cr 0.22473433912766824 Co 0.18787977647892812 V 
Atom 8 weights: 0.05268111301917613 Ni 0.10642183209997082 Cr 1.1102230246251565e-16 Co 0.840897054880853 V 
Atom 9 weights: 0.10647247556682327 Ni 0.2882836132917226 Cr 0.1962579040711582 Co 0.4089860070702959 V 
Atom 10 weights: 0.38528830844693696 Ni 0.14394661839107842 Cr 0.11742089983930548 Co 0.3533441733226792 V 
Atom 11 weights: 1.1102230246251565e-16 Ni 0.10593761942850663 Cr 1.1102230246251565e-16 Co 0.8940623805714931 V 
Atom 12 weights: 0.29069903116242024 Ni 0.2602913213838335 Cr 0.15830045489365402 Co 0.2907091925600923 V 
Atom 13 weights: 0.34570993711564224 Ni 0.27433384027866803 Cr 0.37995622260568973 Co 0.0 V 
Atom 14 weights: 0.36127631644390984 Ni 0.21932537668904656 Cr 0.1713445351137957 Co 0.24805377175324786 V 
Atom 15 weights: 0.3829806746782825 Ni 0.0 Cr 0.6170193253217174 Co 0.0 V 
Atom 16 weights: 0.3396085690477069 Ni 0.19676045522670957 Cr 0.3145917860681394 Co 0.14903918965744423 V 
HEA binding free energy: 1.5859963184412398 eV, Target: 1.6 eV
Entropy: 16.428986916770555

Iteration 19, eta = 0.4
Atom 1 weights: 0.737059201504063 Ni 0.029079395752818676 Cr 0.2338614027431179 Co 4.163336342344337e-16 V 
Atom 2 weights: 0.7175736423716575 Ni 0.0 Cr 0.2824263576283424 Co 0.0 V 
Atom 3 weights: 0.23676415382611032 Ni 0.4452127617572092 Cr 0.3180230844166805 Co 0.0 V 
Atom 4 weights: 0.27530410717054943 Ni 0.3028713958417839 Cr 0.0 Co 0.42182449698766666 V 
Atom 5 weights: 0.0 Ni 0.3638663493264888 Cr 0.12570726861419018 Co 0.5104263820593209 V 
Atom 6 weights: 0.465639605992168 Ni 0.3585976604513764 Cr 0.12673774502859353 Co 0.04902498852786193 V 
Atom 7 weights: 0.30809650416958173 Ni 0.2879248027699757 Cr 0.21610592981166674 Co 0.18787276324877578 V 
Atom 8 weights: 0.015779807600593505 Ni 0.07282739867801574 Cr 0.0 Co 0.9113927937213908 V 
Atom 9 weights: 0.08810683021145319 Ni 0.29575669757557177 Cr 0.1922633213673432 Co 0.42387315084563193 V 
Atom 10 weights: 0.4078190291842577 Ni 0.12653938567902856 Cr 0.09604026856355351 Co 0.3696013165731602 V 
Atom 11 weights: 8.326672684688674e-17 Ni 0.04920191595597761 Cr 8.326672684688674e-17 Co 0.9507980840440222 V 
Atom 12 weights: 0.3082943243669631 Ni 0.26453909569083517 Cr 0.1535604453652561 Co 0.2736061345769456 V 
Atom 13 weights: 0.34599342611322625 Ni 0.26774307064771763 Cr 0.38626350323905617 Co 0.0 V 
Atom 14 weights: 0.3672087494949945 Ni 0.21225676800062002 Cr 0.14712925658672082 Co 0.2734052259176647 V 
Atom 15 weights: 0.3639853137619191 Ni 0.0 Cr 0.636014686238081 Co 0.0 V 
Atom 16 weights: 0.3464218783007135 Ni 0.18638656020056826 Cr 0.3178338712887013 Co 0.14935769021001688 V 
HEA binding free energy: 1.626997022360488 eV, Target: 1.6 eV
Entropy: 15.655441344331404

Iteration 20, eta = 0.4
Atom 1 weights: 0.8055868039226939 Ni 6.938893903907228e-16 Cr 0.19441319607730473 Co 6.938893903907228e-16 V 
Atom 2 weights: 0.7641340934888169 Ni 0.0 Cr 0.23586590651118305 Co 0.0 V 
Atom 3 weights: 0.21955929678864378 Ni 0.4631474892894273 Cr 0.3172932139219289 Co 0.0 V 
Atom 4 weights: 0.24417576733437427 Ni 0.2886138535625008 Cr 8.326672684688674e-17 Co 0.4672103791031249 V 
Atom 5 weights: 8.326672684688674e-17 Ni 0.3716462783596993 Cr 0.08503763904669485 Co 0.5433160825936058 V 
Atom 6 weights: 0.5148204962655676 Ni 0.3815276346091975 Cr 0.10365186912523495 Co 2.7755575615628914e-17 V 
Atom 7 weights: 0.3181229956837456 Ni 0.2957999654526323 Cr 0.20679706413322566 Co 0.1792799747303965 V 
Atom 8 weights: 0.0 Ni 0.0 Cr 0.0 Co 1.0 V 
Atom 9 weights: 0.05756610184865855 Ni 0.30637579305560614 Cr 0.18363052827827606 Co 0.45242757681745926 V 
Atom 10 weights: 0.43938087444704504 Ni 0.09959305349397336 Cr 0.06132608940999433 Co 0.39969998264898726 V 
Atom 11 weights: 0.0 Ni 0.0 Cr 0.0 Co 1.0 V 
Atom 12 weights: 0.3269904524435296 Ni 0.2691620614676191 Cr 0.13896364443574993 Co 0.26488384165310147 V 
Atom 13 weights: 0.34686424267628646 Ni 0.25697798350001644 Cr 0.3961577738236971 Co 2.7755575615628914e-17 V 
Atom 14 weights: 0.3798884307804776 Ni 0.20245052038942288 Cr 0.11400404523004909 Co 0.30365700360005043 V 
Atom 15 weights: 0.33524034569726313 Ni 1.1102230246251565e-16 Cr 0.6647596543027368 Co 1.1102230246251565e-16 V 
Atom 16 weights: 0.35642109259149957 Ni 0.170758822482998 Cr 0.32250387907545264 Co 0.1503162058500498 V 
HEA binding free energy: 1.7298513895698862 eV, Target: 1.6 eV
Entropy: 14.374369153470818

Iteration 21, eta = 0.4
Atom 1 weights: 0.8382634988907425 Ni 6.661338147750939e-16 Cr 0.16173650110925625 Co 6.661338147750939e-16 V 
Atom 2 weights: 0.7945170269092728 Ni 0.0 Cr 0.20548297309072722 Co 0.0 V 
Atom 3 weights: 0.20670458623863538 Ni 0.4777054316125313 Cr 0.3155899821488334 Co 0.0 V 
Atom 4 weights: 0.2287649845311834 Ni 0.28197413046305103 Cr 0.0 Co 0.48926088500576553 V 
Atom 5 weights: 8.326672684688674e-17 Ni 0.3777867146573235 Cr 0.060260091072328124 Co 0.5619531942703484 V 
Atom 6 weights: 0.5381870397322007 Ni 0.38238486572858976 Cr 0.07942809453920947 Co 2.7755575615628914e-17 V 
Atom 7 weights: 0.33084859368149316 Ni 0.30211667374609624 Cr 0.2064882529024676 Co 0.16054647966994304 V 
Atom 8 weights: 0.0 Ni 0.0 Cr 0.0 Co 1.0 V 
Atom 9 weights: 0.03690838973488207 Ni 0.3132922570674815 Cr 0.17738597185163998 Co 0.4724133813459965 V 
Atom 10 weights: 0.4625900118290865 Ni 0.08254984937299018 Cr 0.04120730548910321 Co 0.4136528333088202 V 
Atom 11 weights: 0.0 Ni 0.0 Cr 0.0 Co 1.0 V 
Atom 12 weights: 0.33528799767132456 Ni 0.2712112739341396 Cr 0.12581196571701247 Co 0.26768876267752334 V 
Atom 13 weights: 0.3473418917021199 Ni 0.25009552275027624 Cr 0.402562585547604 Co 0.0 V 
Atom 14 weights: 0.3919670625540609 Ni 0.19672453494417197 Cr 0.0959544252083287 Co 0.3153539772934384 V 
Atom 15 weights: 0.31639830328723106 Ni 0.0 Cr 0.6836016967127689 Co 0.0 V 
Atom 16 weights: 0.3616982745666764 Ni 0.16077326189576135 Cr 0.32448128971815055 Co 0.15304717381941177 V 
HEA binding free energy: 1.6459634640537375 eV, Target: 1.6 eV
Entropy: 13.981129841161088

Iteration 22, eta = 0.4
Atom 1 weights: 0.9769745212633774 Ni 8.326672684688674e-17 Cr 0.0230254787366225 Co 8.326672684688674e-17 V 
Atom 2 weights: 0.9193515751772148 Ni 5.551115123125783e-17 Cr 0.08064842482278516 Co 5.551115123125783e-17 V 
Atom 3 weights: 0.16208301406319658 Ni 0.5235781350427244 Cr 0.31433885089407904 Co 0.0 V 
Atom 4 weights: 0.17098824025840456 Ni 0.256544516732448 Cr 1.1102230246251565e-16 Co 0.5724672430091474 V 
Atom 5 weights: 0.0 Ni 0.40268212232373785 Cr 0.0 Co 0.5973178776762622 V 
Atom 6 weights: 0.6199240212383881 Ni 0.3800759787616118 Cr 5.551115123125783e-17 Co 5.551115123125783e-17 V 
Atom 7 weights: 0.38625984483757714 Ni 0.32864464540634974 Cr 0.20797681910381788 Co 0.07711869065225524 V 
Atom 8 weights: 0.0 Ni 0.0 Cr 0.0 Co 1.0 V 
Atom 9 weights: 2.7755575615628914e-17 Ni 0.32845291850232394 Cr 0.14110356267851082 Co 0.5304435188191653 V 
Atom 10 weights: 0.5254189924421356 Ni 0.0 Cr 0.0 Co 0.47458100755786436 V 
Atom 11 weights: 0.0 Ni 0.0 Cr 0.0 Co 1.0 V 
Atom 12 weights: 0.3618491959681136 Ni 0.27757300142780705 Cr 0.06450869101420603 Co 0.29606911158987326 V 
Atom 13 weights: 0.34416687519398903 Ni 0.22277853255037366 Cr 0.4243041442499237 Co 0.008750448005713706 V 
Atom 14 weights: 0.43055392486390326 Ni 0.1712673915588775 Cr 0.011241429877493131 Co 0.3869372536997261 V 
Atom 15 weights: 0.2348836036745615 Ni 0.0 Cr 0.7576571886092773 Co 0.0074592077161611614 V 
Atom 16 weights: 0.38428623655308636 Ni 0.12085518645130913 Cr 0.3335791111552292 Co 0.16127946584037534 V 
HEA binding free energy: 1.652683765805114 eV, Target: 1.6 eV
Entropy: 11.944444458433695

Iteration 23, eta = 0.4
Atom 1 weights: 1.0 Ni 0.0 Cr 0.0 Co 0.0 V 
Atom 2 weights: 0.9879657601492972 Ni 1.1102230246251565e-16 Cr 0.01164958587348379 Co 0.00038465397721896844 V 
Atom 3 weights: 0.135421409363815 Ni 0.552312387110582 Cr 0.31226620352560286 Co 1.1102230246251565e-16 V 
Atom 4 weights: 0.14071280242590256 Ni 0.24323991638725806 Cr 0.0 Co 0.6160472811868395 V 
Atom 5 weights: 0.0 Ni 0.39679790266421383 Cr 0.0 Co 0.6032020973357861 V 
Atom 6 weights: 0.6415797716681167 Ni 0.35842022833188314 Cr 2.7755575615628914e-17 Co 2.7755575615628914e-17 V 
