   Eewald =     4420.8232477960009419
       EH =     6124.6966890475005130
     Eloc =   -12616.2802865383655444
      Enl =     -464.7568134665904722
   Epulay =       -0.0004831230919240
      Exc =     -236.9973938148958439
       KE =      875.4648647638007333
        U =        1.3063235563238995
-------------------------------------
     Etot =    -1895.7438517793166284
       TS =        0.0010488946580542
-------------------------------------
        F =    -1895.7449006739745982
