   Eewald =     5855.3079579173445381
       EH =     7849.3557672898095916
     Eloc =   -16056.8847938894523395
      Enl =     -612.1953697365128164
   Epulay =       -0.0004908277866207
      Exc =     -261.3152421224957038
       KE =     1010.0972205351464481
        U =        1.5679807683491882
-------------------------------------
     Etot =    -2214.0669700655980705
       TS =        0.0008640640740954
-------------------------------------
        F =    -2214.0678341296720646
