Initilizing minimization for species Ni Cr Co V 

Target: 1.6 eV
Performing first surface calculations...
Surface calculations successfully finished.
Initial entropy parameter eta set to 0.05
_____________________________________________________________________
Beginning minimzation


Iteration 1, eta = 0.05
Atom 1 weights: 0.2442909973306101 Ni 0.27242606633927346 Cr 0.28089833999347935 Co 0.2023845963366371 V 
Atom 2 weights: 0.2247880043721301 Ni 0.28585307717518194 Cr 0.28979160771014967 Co 0.19956731074253833 V 
Atom 3 weights: 0.2646938237082057 Ni 0.2909933673430753 Cr 0.2189164487139383 Co 0.22539636023478085 V 
Atom 4 weights: 0.24885252734436064 Ni 0.24180042220425446 Cr 0.23375537639504526 Co 0.2755916740563397 V 
Atom 5 weights: 0.2703881680581008 Ni 0.21159359962732105 Cr 0.25843410235323927 Co 0.2595841299613389 V 
Atom 6 weights: 0.2715185699132054 Ni 0.2502469385430539 Cr 0.2357847170534146 Co 0.24244977449032615 V 
Atom 7 weights: 0.2188230399718767 Ni 0.2633758722767461 Cr 0.27620292086540366 Co 0.24159816688597352 V 
Atom 8 weights: 0.21753154966281293 Ni 0.24477373053753357 Cr 0.26014531658146267 Co 0.2775494032181908 V 
Atom 9 weights: 0.2554679496249901 Ni 0.22284854515395344 Cr 0.26892454821175793 Co 0.2527589570092987 V 
Atom 10 weights: 0.21342996262327738 Ni 0.2239384418629629 Cr 0.28796773919236895 Co 0.27466385632139073 V 
Atom 11 weights: 0.2547956876500512 Ni 0.25879065044492205 Cr 0.23577836245766656 Co 0.25063529944736024 V 
Atom 12 weights: 0.2741518852856304 Ni 0.21602784024925525 Cr 0.26863291626294244 Co 0.2411873582021718 V 
Atom 13 weights: 0.24518431509147617 Ni 0.27059333810733677 Cr 0.2564178873069831 Co 0.227804459494204 V 
Atom 14 weights: 0.27298056132490034 Ni 0.25015642141487343 Cr 0.2534384655070361 Co 0.2234245517531901 V 
Atom 15 weights: 0.2703595788405476 Ni 0.2676173640677734 Cr 0.23486947567951863 Co 0.22715358141216047 V 
Atom 16 weights: 0.22741765816592086 Ni 0.2994546701344369 Cr 0.25365514146874246 Co 0.21947253023089963 V 
HEA binding free energy: 0.6028269115864252 eV, Target: 1.6 eV
Entropy: 22.10792546422654

Iteration 2, eta = 0.05
Atom 1 weights: 0.2547786689156275 Ni 0.26672042890274333 Cr 0.28754617672354665 Co 0.19095472545808254 V 
Atom 2 weights: 0.22526032473289895 Ni 0.2857679367497383 Cr 0.2901870535966638 Co 0.19878468492069895 V 
Atom 3 weights: 0.26512360026607007 Ni 0.29091406037105005 Cr 0.2192057550209622 Co 0.22475658434191773 V 
Atom 4 weights: 0.24810305503624075 Ni 0.24162721532326506 Cr 0.23304307227202017 Co 0.27722665736847407 V 
Atom 5 weights: 0.2712748807825511 Ni 0.21171294086220926 Cr 0.25924537213086035 Co 0.2577668062243795 V 
Atom 6 weights: 0.2715861500312015 Ni 0.2503343501048547 Cr 0.23585206384935006 Co 0.24222743601459362 V 
Atom 7 weights: 0.21857619237327117 Ni 0.26343254464248983 Cr 0.2760437467647445 Co 0.2419475162194945 V 
Atom 8 weights: 0.21793491742733176 Ni 0.24489843373772135 Cr 0.26056234185109534 Co 0.27660430698385163 V 
Atom 9 weights: 0.25614843002880766 Ni 0.2230023016548592 Cr 0.26958639218393715 Co 0.251262876132396 V 
Atom 10 weights: 0.2132422864497803 Ni 0.223925069733467 Cr 0.2878561637044454 Co 0.27497648011230735 V 
Atom 11 weights: 0.25504858403023434 Ni 0.25886797640796944 Cr 0.23601087735080328 Co 0.25007256221099305 V 
Atom 12 weights: 0.2733341128022307 Ni 0.21593293976237043 Cr 0.2679016905051833 Co 0.24283125693021554 V 
Atom 13 weights: 0.24453813372416322 Ni 0.2704997756420122 Cr 0.25583500575128326 Co 0.2291270848825413 V 
Atom 14 weights: 0.27250131903906194 Ni 0.2500779898051322 Cr 0.2529889792143636 Co 0.22443171194144224 V 
Atom 15 weights: 0.2698670941166842 Ni 0.2675471808509434 Cr 0.23439742056161916 Co 0.22818830447075325 V 
Atom 16 weights: 0.22689437024332018 Ni 0.29939942873758596 Cr 0.25319449260748644 Co 0.22051170841160744 V 
HEA binding free energy: 0.6183322115999266 eV, Target: 1.6 eV
Entropy: 22.105028450291275

Iteration 3, eta = 0.05
Atom 1 weights: 0.4383266021253528 Ni 0.1590520967619259 Cr 0.4026213011127213 Co 2.7755575615628914e-17 V 
Atom 2 weights: 0.22822905074423883 Ni 0.2832199831253534 Cr 0.292194925822633 Co 0.19635604030777476 V 
Atom 3 weights: 0.26807162537901186 Ni 0.28861395633562215 Cr 0.22000829733202043 Co 0.22330612095334562 V 
Atom 4 weights: 0.2333574057130986 Ni 0.23800929111220587 Cr 0.2189508474897786 Co 0.3096824556849169 V 
Atom 5 weights: 0.2915587933270487 Ni 0.21474929838777873 Cr 0.27789635295733306 Co 0.21579555532783948 V 
Atom 6 weights: 0.27815991847083743 Ni 0.25295294797986234 Cr 0.2420528777192427 Co 0.22683425583005765 V 
Atom 7 weights: 0.21990738509329 Ni 0.26559085702602714 Cr 0.27853635709094293 Co 0.23596540078974 V 
Atom 8 weights: 0.22996044662905718 Ni 0.24813198110300505 Cr 0.2725072911767618 Co 0.24940028109117593 V 
Atom 9 weights: 0.2722323283536182 Ni 0.22648873453949964 Cr 0.2850862317206928 Co 0.21619270538618943 V 
Atom 10 weights: 0.21676188920316544 Ni 0.22494518814340014 Cr 0.2922512866649597 Co 0.26604163598847463 V 
Atom 11 weights: 0.2646054995822187 Ni 0.2612455768187877 Cr 0.2448610148016249 Co 0.22928790879736882 V 
Atom 12 weights: 0.26816488965047103 Ni 0.2157851581273086 Cr 0.2635849835200196 Co 0.2524649687022008 V 
Atom 13 weights: 0.2237085031571008 Ni 0.2670566443063007 Cr 0.23682114158366108 Co 0.2724137109529373 V 
Atom 14 weights: 0.2547805207974878 Ni 0.24700816046222182 Cr 0.23647322733622966 Co 0.2617380914040607 V 
Atom 15 weights: 0.2540516393265094 Ni 0.2649883819628571 Cr 0.21945644887420765 Co 0.2615035298364258 V 
Atom 16 weights: 0.2078402910470752 Ni 0.2964796032719639 Cr 0.23596658530738285 Co 0.2597135203735781 V 
HEA binding free energy: 1.3345402710038252 eV, Target: 1.6 eV
Entropy: 21.7322732567683

Iteration 4, eta = 0.05
Atom 1 weights: 0.43904126104533847 Ni 0.15803421204697868 Cr 0.4029245269076829 Co 2.324466693235153e-17 V 
Atom 2 weights: 0.22834092092563774 Ni 0.283221000210314 Cr 0.2922978322546002 Co 0.1961402466094481 V 
Atom 3 weights: 0.2681733821194488 Ni 0.28861318673239256 Cr 0.2200849491268455 Co 0.2231284820213132 V 
Atom 4 weights: 0.2333711025212376 Ni 0.23800192766289296 Cr 0.21895852477078206 Co 0.30966844504508734 V 
Atom 5 weights: 0.29169618731372315 Ni 0.21476266716426132 Cr 0.2780205082245541 Co 0.2155206372974614 V 
Atom 6 weights: 0.2782332834401647 Ni 0.2529712525239683 Cr 0.24211728157548984 Co 0.22667818246037708 V 
Atom 7 weights: 0.21994888177915362 Ni 0.2656086739508511 Cr 0.2785860115381536 Co 0.23585643273184176 V 
Atom 8 weights: 0.230070951622158 Ni 0.24815416071136548 Cr 0.2726164340931362 Co 0.24915845357334038 V 
Atom 9 weights: 0.2722807999901237 Ni 0.22650051074539976 Cr 0.28513649303585864 Co 0.2160821962286179 V 
Atom 10 weights: 0.2167408260008634 Ni 0.22494229643381256 Cr 0.292244794579268 Co 0.26607208298605617 V 
Atom 11 weights: 0.26462779510805223 Ni 0.2612537459273858 Cr 0.24487981951253418 Co 0.22923863945202783 V 
Atom 12 weights: 0.2680930957754155 Ni 0.2157769810337739 Cr 0.26352178983507846 Co 0.2526081333557323 V 
Atom 13 weights: 0.2235550030227657 Ni 0.2670306321687624 Cr 0.2366809154402682 Co 0.27273344936820365 V 
Atom 14 weights: 0.25466478966079975 Ni 0.2469861775524826 Cr 0.23636320892964063 Co 0.26198582385707714 V 
Atom 15 weights: 0.25391626341115114 Ni 0.2649648021118808 Cr 0.2193257263269586 Co 0.26179320815000945 V 
Atom 16 weights: 0.20771567707155386 Ni 0.29646362913202645 Cr 0.2358555413351023 Co 0.2599651524613174 V 
HEA binding free energy: 1.3392949889960775 eV, Target: 1.6 eV
Entropy: 21.73093055277171

Iteration 5, eta = 0.05
Atom 1 weights: 0.5507197560483273 Ni 0.0 Cr 0.4492802439516726 Co 0.0 V 
Atom 2 weights: 0.25009629868105576 Ni 0.28410317699806464 Cr 0.31233685574644376 Co 0.15346366857443583 V 
Atom 3 weights: 0.2879393136883297 Ni 0.28914334689325083 Cr 0.23554564218524326 Co 0.18737169723317618 V 
Atom 4 weights: 0.23701948509824888 Ni 0.23699492233410355 Cr 0.22149506933706092 Co 0.3044905232305866 V 
Atom 5 weights: 0.3125076637752964 Ni 0.21664116265216207 Cr 0.29677184881290036 Co 0.17407932475964127 V 
Atom 6 weights: 0.28943011434376564 Ni 0.25577212469103905 Cr 0.25189459935097347 Co 0.20290316161422198 V 
Atom 7 weights: 0.22640407621962327 Ni 0.26840466025030923 Cr 0.286362046152645 Co 0.21882921737742247 V 
Atom 8 weights: 0.2467123559586467 Ni 0.2514717891042313 Cr 0.2891040452352641 Co 0.2127118097018579 V 
Atom 9 weights: 0.280999492594673 Ni 0.22851047814332437 Cr 0.2940611223268269 Co 0.19642890693517576 V 
Atom 10 weights: 0.2109137492071617 Ni 0.2240429046280266 Cr 0.2889445145856754 Co 0.2760988315791363 V 
Atom 11 weights: 0.26552478254062917 Ni 0.2620725630364516 Cr 0.24540348699341005 Co 0.22699916742950915 V 
Atom 12 weights: 0.2572456561243073 Ni 0.2144935475681426 Cr 0.25397813639817657 Co 0.2742826599093736 V 
Atom 13 weights: 0.19805067312642397 Ni 0.26271660310311695 Cr 0.21338534969656353 Co 0.3258473740738955 V 
Atom 14 weights: 0.23460978987531306 Ni 0.243199187993 Cr 0.21734160657368648 Co 0.30484941555800055 V 
Atom 15 weights: 0.23124874890198088 Ni 0.26100805243947556 Cr 0.1974740874063747 Co 0.3102691112521688 V 
Atom 16 weights: 0.1861685581005983 Ni 0.293574645086348 Cr 0.21660475315324987 Co 0.3036520436598039 V 
HEA binding free energy: 1.6159401874195911 eV, Target: 1.6 eV
Entropy: 21.29300086875645

Iteration 6, eta = 0.1
Atom 1 weights: 0.5507197560483273 Ni 0.0 Cr 0.4492802439516726 Co 0.0 V 
Atom 2 weights: 0.25009629868105576 Ni 0.28410317699806464 Cr 0.31233685574644376 Co 0.15346366857443583 V 
Atom 3 weights: 0.2879393136883297 Ni 0.28914334689325083 Cr 0.23554564218524326 Co 0.18737169723317618 V 
Atom 4 weights: 0.23701948509824888 Ni 0.23699492233410355 Cr 0.22149506933706092 Co 0.3044905232305866 V 
Atom 5 weights: 0.3125076637752964 Ni 0.21664116265216207 Cr 0.29677184881290036 Co 0.17407932475964127 V 
Atom 6 weights: 0.28943011434376564 Ni 0.25577212469103905 Cr 0.25189459935097347 Co 0.20290316161422198 V 
Atom 7 weights: 0.22640407621962327 Ni 0.26840466025030923 Cr 0.286362046152645 Co 0.21882921737742247 V 
Atom 8 weights: 0.2467123559586467 Ni 0.2514717891042313 Cr 0.2891040452352641 Co 0.2127118097018579 V 
Atom 9 weights: 0.280999492594673 Ni 0.22851047814332437 Cr 0.2940611223268269 Co 0.19642890693517576 V 
Atom 10 weights: 0.2109137492071617 Ni 0.2240429046280266 Cr 0.2889445145856754 Co 0.2760988315791363 V 
Atom 11 weights: 0.26552478254062917 Ni 0.2620725630364516 Cr 0.24540348699341005 Co 0.22699916742950915 V 
Atom 12 weights: 0.2572456561243073 Ni 0.2144935475681426 Cr 0.25397813639817657 Co 0.2742826599093736 V 
Atom 13 weights: 0.19805067312642397 Ni 0.26271660310311695 Cr 0.21338534969656353 Co 0.3258473740738955 V 
Atom 14 weights: 0.23460978987531306 Ni 0.243199187993 Cr 0.21734160657368648 Co 0.30484941555800055 V 
Atom 15 weights: 0.23124874890198088 Ni 0.26100805243947556 Cr 0.1974740874063747 Co 0.3102691112521688 V 
Atom 16 weights: 0.1861685581005983 Ni 0.293574645086348 Cr 0.21660475315324987 Co 0.3036520436598039 V 
HEA binding free energy: 1.6272214407123873 eV, Target: 1.6 eV
Entropy: 21.29300086875645

Iteration 7, eta = 0.1
Atom 1 weights: 0.5520434010134051 Ni 0.0 Cr 0.44795659898659484 Co 0.0 V 
Atom 2 weights: 0.25172115251539207 Ni 0.28676464234667765 Cr 0.3179145924847407 Co 0.1435996126531897 V 
Atom 3 weights: 0.2920863433946976 Ni 0.2921751585271434 Cr 0.23627998502368486 Co 0.17945851305447424 V 
Atom 4 weights: 0.23868736238703164 Ni 0.23686197726987526 Cr 0.2220938357338935 Co 0.3023568246091997 V 
Atom 5 weights: 0.3168615958227442 Ni 0.2146414057778163 Cr 0.30012586315611933 Co 0.16837113524332017 V 
Atom 6 weights: 0.29231407021855815 Ni 0.2562289110992322 Cr 0.252346478821852 Co 0.1991105398603576 V 
Atom 7 weights: 0.22490917953832373 Ni 0.26961711917131587 Cr 0.28872828407978113 Co 0.21674541721057938 V 
Atom 8 weights: 0.24661897813864966 Ni 0.25165302861373195 Cr 0.29175418262144204 Co 0.2099738106261763 V 
Atom 9 weights: 0.28207118637945594 Ni 0.22703084214915042 Cr 0.2960586423590341 Co 0.19483932911235952 V 
Atom 10 weights: 0.20746288228656556 Ni 0.2222412491025986 Cr 0.2905963828034117 Co 0.27969948580742404 V 
Atom 11 weights: 0.265882250541428 Ni 0.26279683904045625 Cr 0.24453994163496412 Co 0.22678096878315168 V 
Atom 12 weights: 0.2565086870236371 Ni 0.21200373066499342 Cr 0.2531197652363263 Co 0.27836781707504316 V 
Atom 13 weights: 0.19333737875422438 Ni 0.26330904905163255 Cr 0.20977424458257682 Co 0.3335793276115664 V 
Atom 14 weights: 0.23266211250420427 Ni 0.24260420661912305 Cr 0.2143599784541879 Co 0.31037370242248474 V 
Atom 15 weights: 0.2290304475668224 Ni 0.2615592311135974 Cr 0.19317056778339325 Co 0.3162397535361869 V 
Atom 16 weights: 0.1803838263646701 Ni 0.2961036273591859 Cr 0.21292426675822643 Co 0.3105882795179175 V 
HEA binding free energy: 1.6375460645736806 eV, Target: 1.6 eV
Entropy: 21.26019394630879

Iteration 8, eta = 0.1
Atom 1 weights: 0.566009655780715 Ni 5.551115123125783e-17 Cr 0.43399034421928484 Co 5.551115123125783e-17 V 
Atom 2 weights: 0.2861302592083045 Ni 0.31435021662500756 Cr 0.399519524166688 Co 0.0 V 
Atom 3 weights: 0.3695670813912823 Ni 0.3350974433888602 Cr 0.2697295043418382 Co 0.025605970878019413 V 
Atom 4 weights: 0.2814801073991159 Ni 0.23988905632606894 Cr 0.25019886314784073 Co 0.2284319731269745 V 
Atom 5 weights: 0.3778153728339687 Ni 0.19115078135377903 Cr 0.3481935970053616 Co 0.08284024880689068 V 
Atom 6 weights: 0.34177780009844094 Ni 0.264580521935876 Cr 0.27079559035286926 Co 0.12284608761281367 V 
Atom 7 weights: 0.22504984439868933 Ni 0.28824813567588803 Cr 0.33532806750097677 Co 0.15137395242444585 V 
Atom 8 weights: 0.26105994693718876 Ni 0.2567273828193793 Cr 0.3389855351857947 Co 0.1432271350576373 V 
Atom 9 weights: 0.2814809149265499 Ni 0.20600785099001015 Cr 0.3078344336922495 Co 0.20467680039119046 V 
Atom 10 weights: 0.1635966452085067 Ni 0.19984394316370038 Cr 0.30997166160411677 Co 0.32658775002367635 V 
Atom 11 weights: 0.2665318769642706 Ni 0.27106003842843873 Cr 0.23038228270770278 Co 0.2320258018995879 V 
Atom 12 weights: 0.23985050313013656 Ni 0.17993135846916944 Cr 0.23551418426372814 Co 0.3447039541369659 V 
Atom 13 weights: 0.10365757902236578 Ni 0.26464413071425474 Cr 0.1361241115990727 Co 0.49557417866430675 V 
Atom 14 weights: 0.17616622223945957 Ni 0.2294713823309833 Cr 0.14759897390658155 Co 0.4467634215229757 V 
Atom 15 weights: 0.16954277493899186 Ni 0.26234865910241395 Cr 0.11035245766368937 Co 0.4577561082949048 V 
Atom 16 weights: 0.07998364772657185 Ni 0.3214567776323317 Cr 0.14071157908373746 Co 0.4578479955573591 V 
HEA binding free energy: 1.690440012278233 eV, Target: 1.6 eV
Entropy: 20.020287145300866

Iteration 9, eta = 0.1
Atom 1 weights: 0.5790402443578267 Ni 0.0047263048471232385 Cr 0.41623345079505003 Co 0.0 V 
Atom 2 weights: 0.2731148325348221 Ni 0.2801503056676719 Cr 0.44673486179750577 Co 2.7755575615628914e-16 V 
Atom 3 weights: 0.4156724961296417 Ni 0.32685039924871384 Cr 0.25747710462164447 Co 0.0 V 
Atom 4 weights: 0.3696472535845782 Ni 0.2489328379094951 Cr 0.31663343711534153 Co 0.0647864713905853 V 
Atom 5 weights: 0.448035662508636 Ni 0.15044388644739823 Cr 0.4015204510439656 Co 1.1102230246251565e-16 V 
Atom 6 weights: 0.4044923851494522 Ni 0.27378846515749977 Cr 0.2928476676760037 Co 0.02887148201704455 V 
Atom 7 weights: 0.21323358645646054 Ni 0.3085043998694573 Cr 0.3843909220246544 Co 0.09387109164942778 V 
Atom 8 weights: 0.26137336486217455 Ni 0.2584110322771156 Cr 0.3828811969503564 Co 0.0973344059103535 V 
Atom 9 weights: 0.2781512541833049 Ni 0.17970670836268443 Cr 0.32126970846823555 Co 0.22087232898577508 V 
Atom 10 weights: 0.10865269625171675 Ni 0.1719368339394136 Cr 0.33743222471631285 Co 0.3819782450925569 V 
Atom 11 weights: 0.26119101809060297 Ni 0.2815961537477652 Cr 0.2064113290682555 Co 0.25080149909337635 V 
Atom 12 weights: 0.21226192279813336 Ni 0.13683153752090732 Cr 0.20700402833183001 Co 0.4439025113491294 V 
Atom 13 weights: 0.0 Ni 0.26634821053614693 Cr 0.04628422746683622 Co 0.6873675619970169 V 
Atom 14 weights: 0.09068593684581346 Ni 0.21030469655850698 Cr 0.04973151044083185 Co 0.6492778561548478 V 
Atom 15 weights: 0.09152521603344012 Ni 0.2634875514737044 Cr 0.0021592985806074827 Co 0.642827933912248 V 
Atom 16 weights: 2.7755575615628914e-17 Ni 0.34118003982829004 Cr 0.038630792771538525 Co 0.6201891674001714 V 
HEA binding free energy: 1.6430636097600926 eV, Target: 1.6 eV
Entropy: 17.575710945850748

Iteration 10, eta = 0.1
Atom 1 weights: 0.5749133331653231 Ni 0.0 Cr 0.39566198791514856 Co 0.029424678919528203 V 
Atom 2 weights: 0.2665049287506265 Ni 0.2587774901462673 Cr 0.474717581103106 Co 1.942890293094024e-16 V 
Atom 3 weights: 0.4355883735458216 Ni 0.3201916027924905 Cr 0.24422002366168796 Co 2.7755575615628914e-17 V 
Atom 4 weights: 0.40421749079553976 Ni 0.2512006936653549 Cr 0.339753306661141 Co 0.004828508877964134 V 
Atom 5 weights: 0.47328973519137046 Ni 0.10977802917014516 Cr 0.41693223563848447 Co 0.0 V 
Atom 6 weights: 0.431863741378437 Ni 0.27106881928957893 Cr 0.2970674393319841 Co 0.0 V 
Atom 7 weights: 0.201939963141127 Ni 0.31931708463315606 Cr 0.4085453648029543 Co 0.07019758742276257 V 
Atom 8 weights: 0.26151731999420136 Ni 0.2590855314837354 Cr 0.40810196615634514 Co 0.07129518236571808 V 
Atom 9 weights: 0.29650677185987817 Ni 0.1695826767430445 Cr 0.3483425972461282 Co 0.18556795415094923 V 
Atom 10 weights: 0.08540379230069689 Ni 0.15722285008065212 Cr 0.3611080889984506 Co 0.3962652686202004 V 
Atom 11 weights: 0.2679559214992254 Ni 0.2897834515652772 Cr 0.20177134137271427 Co 0.24048928556278312 V 
Atom 12 weights: 0.19212728072716384 Ni 0.1110526506406934 Cr 0.18653496443473863 Co 0.5102851041974041 V 
Atom 13 weights: 0.0 Ni 0.2263045071656157 Cr 0.0 Co 0.7736954928343843 V 
Atom 14 weights: 0.04491122983234928 Ni 0.19809872649150945 Cr 0.0 Co 0.7569900436761412 V 
Atom 15 weights: 0.025707404092717975 Ni 0.2426150156553291 Cr 1.1102230246251565e-16 Co 0.7316775802519528 V 
Atom 16 weights: 0.0 Ni 0.3212600335132843 Cr 0.0 Co 0.6787399664867158 V 
HEA binding free energy: 1.6362334527579339 eV, Target: 1.6 eV
Entropy: 16.22588110125886

Iteration 11, eta = 0.1
Atom 1 weights: 0.5891582043882113 Ni 2.7755575615628914e-17 Cr 0.3887450877387514 Co 0.02209670787303729 V 
Atom 2 weights: 0.25830782143692754 Ni 0.2341656113103427 Cr 0.5075265672527298 Co 2.7755575615628914e-17 V 
Atom 3 weights: 0.4606657577388062 Ni 0.30979649004763077 Cr 0.229537752213563 Co 1.1102230246251565e-16 V 
Atom 4 weights: 0.42480545252719876 Ni 0.22889456418416568 Cr 0.3462999832886355 Co 1.1102230246251565e-16 V 
Atom 5 weights: 0.5021279906088504 Ni 0.06349047196641729 Cr 0.4343815374247323 Co 0.0 V 
Atom 6 weights: 0.4527275740230313 Ni 0.25678426613672967 Cr 0.29048815984023896 Co 5.551115123125783e-17 V 
Atom 7 weights: 0.19680454306046877 Ni 0.3340703165876715 Cr 0.4448886079390249 Co 0.024236532412834827 V 
Atom 8 weights: 0.26747360997775815 Ni 0.2614463024574673 Cr 0.4435009424430179 Co 0.027579145121756743 V 
Atom 9 weights: 0.3061147506695553 Ni 0.15466048487201872 Cr 0.3689013563267648 Co 0.17032340813166133 V 
Atom 10 weights: 0.051099476058532566 Ni 0.13835581142768721 Cr 0.38279760178251093 Co 0.4277471107312693 V 
Atom 11 weights: 0.2690279149911998 Ni 0.2977329019354415 Cr 0.18974255089926725 Co 0.2434966321740914 V 
Atom 12 weights: 0.17388551864372043 Ni 0.08153107594791087 Cr 0.1675200799988426 Co 0.5770633254095261 V 
Atom 13 weights: 2.7755575615628914e-17 Ni 0.15504227335452284 Cr 2.7755575615628914e-17 Co 0.8449577266454771 V 
Atom 14 weights: 0.0 Ni 0.14815638103389983 Cr 0.0 Co 0.8518436189661003 V 
Atom 15 weights: 8.326672684688674e-17 Ni 0.1903820372476734 Cr 8.326672684688674e-17 Co 0.8096179627523264 V 
Atom 16 weights: 0.0 Ni 0.2716526706120444 Cr 0.0 Co 0.7283473293879557 V 
HEA binding free energy: 1.6606301772449137 eV, Target: 1.6 eV
Entropy: 15.071062945294512

Iteration 12, eta = 0.1
Atom 1 weights: 0.6008896765562652 Ni 0.0032614492102570366 Cr 0.377053039426574 Co 0.01879583480690378 V 
Atom 2 weights: 0.20905188083572374 Ni 0.16277440178441308 Cr 0.5224811880998024 Co 0.10569252928006079 V 
Atom 3 weights: 0.47094826147450847 Ni 0.26562673926829194 Cr 0.177874197321 Co 0.08555080193619967 V 
Atom 4 weights: 0.458626610411658 Ni 0.18427034711112023 Cr 0.35710304247722174 Co 5.551115123125783e-17 V 
Atom 5 weights: 0.5427700728538594 Ni 5.551115123125783e-17 Cr 0.4572299271461406 Co 5.551115123125783e-17 V 
Atom 6 weights: 0.4861166883744452 Ni 0.23319160892773216 Cr 0.2806917026978226 Co 8.326672684688674e-17 V 
Atom 7 weights: 0.17300447648176734 Ni 0.3413458671406718 Cr 0.48564965637756097 Co 0.0 V 
Atom 8 weights: 0.26249440309415667 Ni 0.2530237738377573 Cr 0.48448182306808607 Co 0.0 V 
Atom 9 weights: 0.316553217721915 Ni 0.13098391598845444 Cr 0.3969863573307786 Co 0.15547650895885196 V 
Atom 10 weights: 0.0 Ni 0.10951461897814836 Cr 0.417783198107761 Co 0.47270218291409066 V 
Atom 11 weights: 0.26761332846444597 Ni 0.31012210332439305 Cr 0.16827095850849028 Co 0.25399360970267065 V 
Atom 12 weights: 0.14732636200621946 Ni 0.035853812497746884 Cr 0.13966798474457515 Co 0.6771518407514585 V 
Atom 13 weights: 2.7755575615628914e-17 Ni 0.04631792639564805 Cr 0.007416161899098801 Co 0.9462659117052531 V 
Atom 14 weights: 0.0 Ni 0.026596159214904075 Cr 0.0 Co 0.9734038407850959 V 
Atom 15 weights: 0.0 Ni 0.0881976976700339 Cr 0.0 Co 0.9118023023299661 V 
Atom 16 weights: 0.01081148997442473 Ni 0.19183546538896618 Cr 0.0006689375119428323 Co 0.7966841071246663 V 
HEA binding free energy: 1.666629095742913 eV, Target: 1.6 eV
Entropy: 13.790493342577617

Iteration 13, eta = 0.1
Atom 1 weights: 0.6048178014073553 Ni 0.004578439601218244 Cr 0.36602635677667816 Co 0.02457740221474833 V 
Atom 2 weights: 0.1773270708337394 Ni 0.11905665918789979 Cr 0.5377941505440913 Co 0.16582211943426958 V 
Atom 3 weights: 0.48216624493756255 Ni 0.24090936593324513 Cr 0.14441790743093302 Co 0.13250648169825927 V 
Atom 4 weights: 0.4824901403804299 Ni 0.1531258327903261 Cr 0.364384026829244 Co 2.7755575615628914e-17 V 
Atom 5 weights: 0.5491627200830393 Ni 1.1102230246251565e-16 Cr 0.4508372799169605 Co 1.1102230246251565e-16 V 
Atom 6 weights: 0.5101320492734835 Ni 0.21645712053019817 Cr 0.27341083019631823 Co 0.0 V 
Atom 7 weights: 0.15010794302100453 Ni 0.34022420872058434 Cr 0.5096678482584112 Co 0.0 V 
Atom 8 weights: 0.25157632637125044 Ni 0.24129288458741138 Cr 0.5071307890413381 Co 5.551115123125783e-17 V 
Atom 9 weights: 0.31932628400197566 Ni 0.1130139266563409 Cr 0.41296248982594674 Co 0.15469729951573677 V 
Atom 10 weights: 5.551115123125783e-17 Ni 0.07621741022130618 Cr 0.4311950964803799 Co 0.49258749329831386 V 
Atom 11 weights: 0.2666395642252758 Ni 0.31914130345095093 Cr 0.152704026505697 Co 0.2615151058180763 V 
Atom 12 weights: 0.12794505770466594 Ni 0.0024709013416775033 Cr 0.11931028571761226 Co 0.7502737552360443 V 
Atom 13 weights: 5.551115123125783e-17 Ni 5.551115123125783e-17 Cr 5.551115123125783e-17 Co 0.9999999999999999 V 
Atom 14 weights: 0.0 Ni 0.0 Cr 0.0 Co 1.0 V 
Atom 15 weights: 0.0 Ni 0.0161188211723767 Cr 0.0 Co 0.9838811788276234 V 
Atom 16 weights: 0.002298681089983207 Ni 0.1460288981189814 Cr 5.551115123125783e-17 Co 0.8516724207910353 V 
HEA binding free energy: 1.6620967372397701 eV, Target: 1.6 eV
Entropy: 12.763707237253866

Iteration 14, eta = 0.1
Atom 1 weights: 0.6188870491253454 Ni 0.0067537753003455905 Cr 0.3660382140628699 Co 0.008320961511439292 V 
Atom 2 weights: 0.16297969091689576 Ni 0.09346474379542571 Cr 0.5737567607307102 Co 0.16979880455696827 V 
Atom 3 weights: 0.5047103872196534 Ni 0.23193096934776597 Cr 0.12021741460273416 Co 0.14314122882984648 V 
Atom 4 weights: 0.4957381992964587 Ni 0.12342851373565712 Cr 0.3613168576159905 Co 0.019516429351893728 V 
Atom 5 weights: 0.5557169586185217 Ni 0.0 Cr 0.44428304138147834 Co 0.0 V 
Atom 6 weights: 0.5356568649733527 Ni 0.19860521180117502 Cr 0.26573792322547235 Co 0.0 V 
Atom 7 weights: 0.12371549918840834 Ni 0.3419124918035209 Cr 0.5336724172522826 Co 0.0006995917557881273 V 
Atom 8 weights: 0.23975270330807733 Ni 0.22919631713741795 Cr 0.5310509795545046 Co 2.7755575615628914e-17 V 
Atom 9 weights: 0.32388448611848875 Ni 0.09452501004629553 Cr 0.4315430505597315 Co 0.15004745327548424 V 
Atom 10 weights: 0.0 Ni 0.04021730029082149 Cr 0.4447186407199896 Co 0.5150640589891889 V 
Atom 11 weights: 0.2691189906268913 Ni 0.32904677686155354 Cr 0.1393141084369641 Co 0.2625201240745912 V 
Atom 12 weights: 0.1003944350805932 Ni 0.0 Cr 0.09051081096191992 Co 0.809094753957487 V 
Atom 13 weights: 0.0 Ni 0.0 Cr 0.0 Co 1.0 V 
Atom 14 weights: 0.0 Ni 0.0 Cr 0.0 Co 1.0 V 
Atom 15 weights: 0.0 Ni 0.0 Cr 0.0 Co 1.0 V 
Atom 16 weights: 5.551115123125783e-17 Ni 0.09371341361080149 Cr 5.551115123125783e-17 Co 0.9062865863891985 V 
HEA binding free energy: 1.7469383421885485 eV, Target: 1.6 eV
Entropy: 12.161564164573324

Iteration 15, eta = 0.1
Atom 1 weights: 0.6373673106554331 Ni 0.0061723803762016765 Cr 0.35646030896836534 Co 0.0 V 
Atom 2 weights: 0.1450127142901187 Ni 0.03914078319585795 Cr 0.670236557149318 Co 0.1456099453647054 V 
Atom 3 weights: 0.5540842714174681 Ni 0.21514279326118738 Cr 0.06336363141117579 Co 0.1674093039101687 V 
Atom 4 weights: 0.5476531047338339 Ni 0.06973522346563461 Cr 0.3753726803667036 Co 0.00723899143382793 V 
Atom 5 weights: 0.5678107565750722 Ni 0.0 Cr 0.4269808543384315 Co 0.0052083890864963005 V 
Atom 6 weights: 0.5948438813357528 Ni 0.15645306500300493 Cr 0.2487030536612423 Co 5.551115123125783e-17 V 
Atom 7 weights: 0.042248246631302555 Ni 0.34403240220099307 Cr 0.569128392920004 Co 0.044590958247700395 V 
Atom 8 weights: 0.20394022714338148 Ni 0.20274609832438617 Cr 0.5777520543416625 Co 0.015561620190569787 V 
Atom 9 weights: 0.33932001021977526 Ni 0.05470607417572944 Cr 0.4792914974471389 Co 0.12668241815735634 V 
Atom 10 weights: 0.0 Ni 0.0 Cr 0.44895774305895975 Co 0.5510422569410403 V 
Atom 11 weights: 0.27946277199710756 Ni 0.35290293085963953 Cr 0.11305639627491444 Co 0.2545779008683385 V 
Atom 12 weights: 0.050409862747726866 Ni 0.0 Cr 0.0369004977881957 Co 0.9126896394640774 V 
Atom 13 weights: 0.0 Ni 0.0 Cr 0.0 Co 1.0 V 
Atom 14 weights: 0.0 Ni 0.0 Cr 0.0 Co 1.0 V 
Atom 15 weights: 0.0 Ni 0.0 Cr 0.0 Co 1.0 V 
Atom 16 weights: 1.1102230246251565e-16 Ni 1.1102230246251565e-16 Cr 1.1102230246251565e-16 Co 0.9999999999999998 V 
HEA binding free energy: 1.6730790316016675 eV, Target: 1.6 eV
Entropy: 10.841826074306743

Iteration 16, eta = 0.1
Atom 1 weights: 0.6494588532339755 Ni 0.0026092887713752163 Cr 0.3479318579946494 Co 0.0 V 
Atom 2 weights: 0.12373692586580429 Ni 0.0 Cr 0.7434690920186047 Co 0.13279398211559112 V 
Atom 3 weights: 0.5551490614463064 Ni 0.1786539686448354 Cr 5.273559366969494e-16 Co 0.2661969699088578 V 
Atom 4 weights: 0.6011654941908808 Ni 0.0043366936672272205 Cr 0.39449781214189206 Co 5.551115123125783e-17 V 
Atom 5 weights: 0.5828731762559627 Ni 3.3306690738754696e-16 Cr 0.41712682374403653 Co 3.3306690738754696e-16 V 
Atom 6 weights: 0.6477270690958603 Ni 0.11512470234886173 Cr 0.2371482285552779 Co 2.7755575615628914e-17 V 
Atom 7 weights: 0.0 Ni 0.340292946087825 Cr 0.5894097718041892 Co 0.07029728210798591 V 
Atom 8 weights: 0.17979875037310056 Ni 0.18576129621862522 Cr 0.6221447545179758 Co 0.012295198890298398 V 
Atom 9 weights: 0.3427075687751381 Ni 0.02133644539558771 Cr 0.5108700922335321 Co 0.12508589359574215 V 
Atom 10 weights: 5.551115123125783e-17 Ni 5.551115123125783e-17 Cr 0.4324934811818536 Co 0.5675065188181463 V 
Atom 11 weights: 0.2803901121432309 Ni 0.3715057742293818 Cr 0.08420901337796369 Co 0.26389510024942353 V 
Atom 12 weights: 0.005519645500275824 Ni 0.0 Cr 0.0 Co 0.9944803544997243 V 
Atom 13 weights: 0.0 Ni 0.0 Cr 0.0 Co 1.0 V 
Atom 14 weights: 1.1102230246251565e-16 Ni 1.1102230246251565e-16 Cr 1.1102230246251565e-16 Co 0.9999999999999998 V 
Atom 15 weights: 1.1102230246251565e-16 Ni 1.1102230246251565e-16 Cr 1.1102230246251565e-16 Co 0.9999999999999998 V 
Atom 16 weights: 0.0 Ni 0.0 Cr 0.0 Co 1.0 V 
HEA binding free energy: 1.6039072384554156 eV, Target: 1.6 eV
Entropy: 9.53455424122134

Iteration 17, eta = 0.1
Atom 1 weights: 0.6633507161859477 Ni 0.0 Cr 0.3366492838140523 Co 0.0 V 
Atom 2 weights: 0.10100511948362723 Ni 5.551115123125783e-17 Cr 0.7976426851917926 Co 0.10135219532458008 V 
Atom 3 weights: 0.5513346396136649 Ni 0.1464085685734966 Cr 0.0 Co 0.3022567918128385 V 
Atom 4 weights: 0.6167292079524926 Ni 0.0 Cr 0.3832707920475073 Co 0.0 V 
Atom 5 weights: 0.593076362933916 Ni 5.551115123125783e-16 Cr 0.40692363706608303 Co 5.551115123125783e-16 V 
Atom 6 weights: 0.6885130000919436 Ni 0.08501031328464133 Cr 0.22647668662341502 Co 2.7755575615628914e-17 V 
Atom 7 weights: 2.7755575615628914e-17 Ni 0.33489868676906465 Cr 0.6097168893018713 Co 0.05538442392906413 V 
Atom 8 weights: 0.16473885502498292 Ni 0.1731670539154615 Cr 0.6620940910595556 Co 0.0 V 
Atom 9 weights: 0.3540508449032933 Ni 5.551115123125783e-17 Cr 0.5436992102040104 Co 0.10224994489269645 V 
Atom 10 weights: 0.0 Ni 0.0 Cr 0.4228783027548294 Co 0.5771216972451706 V 
Atom 11 weights: 0.28573401416240085 Ni 0.387533229723873 Cr 0.06526736859530788 Co 0.2614653875184183 V 
Atom 12 weights: 8.326672684688674e-17 Ni 8.326672684688674e-17 Cr 8.326672684688674e-17 Co 0.9999999999999998 V 
Atom 13 weights: 0.0 Ni 0.0 Cr 0.0 Co 1.0 V 
Atom 14 weights: 1.1102230246251565e-16 Ni 1.1102230246251565e-16 Cr 1.1102230246251565e-16 Co 0.9999999999999997 V 
Atom 15 weights: 8.326672684688674e-17 Ni 8.326672684688674e-17 Cr 8.326672684688674e-17 Co 0.9999999999999998 V 
Atom 16 weights: 0.0 Ni 0.0 Cr 0.0 Co 1.0 V 
HEA binding free energy: 1.7422354057858689 eV, Target: 1.6 eV
Entropy: 8.967634349817304

Iteration 18, eta = 0.1
Atom 1 weights: 0.7057186442471154 Ni 2.7755575615628914e-17 Cr 0.2895108495563291 Co 0.004770506196555428 V 
Atom 2 weights: 0.011140194713697052 Ni 0.0 Cr 0.9888598052863029 Co 0.0 V 
Atom 3 weights: 0.5644218873837863 Ni 0.04274032396024041 Cr 8.326672684688674e-17 Co 0.3928377886559732 V 
Atom 4 weights: 0.6650636529766729 Ni 2.7755575615628914e-17 Cr 0.334936347023327 Co 2.7755575615628914e-17 V 
Atom 5 weights: 0.6307045527051535 Ni 0.0 Cr 0.3692954472948465 Co 0.0 V 
Atom 6 weights: 0.8245490976610397 Ni 0.0 Cr 0.17545090233896038 Co 0.0 V 
Atom 7 weights: 1.1102230246251565e-16 Ni 0.30306949483783063 Cr 0.6969305051621691 Co 1.1102230246251565e-16 V 
Atom 8 weights: 0.09934400747679784 Ni 0.10429130891227831 Cr 0.7963646836109238 Co 0.0 V 
Atom 9 weights: 0.3489598418261123 Ni 2.7755575615628914e-17 Cr 0.6177921272797195 Co 0.03324803089416814 V 
Atom 10 weights: 0.0 Ni 0.0 Cr 0.39294430858828316 Co 0.6070556914117168 V 
Atom 11 weights: 0.29297368123241896 Ni 0.43939511619464816 Cr 0.0 Co 0.2676312025729329 V 
Atom 12 weights: 0.0 Ni 0.0 Cr 0.0 Co 1.0 V 
Atom 13 weights: 0.0 Ni 0.0 Cr 0.0 Co 1.0 V 
Atom 14 weights: 0.0 Ni 0.0 Cr 0.0 Co 1.0 V 
Atom 15 weights: 8.326672684688674e-17 Ni 8.326672684688674e-17 Cr 8.326672684688674e-17 Co 0.9999999999999998 V 
Atom 16 weights: 0.0 Ni 0.0 Cr 0.0 Co 1.0 V 
HEA binding free energy: 1.7621027535829352 eV, Target: 1.6 eV
Entropy: 7.058611284909536

Iteration 19, eta = 0.1
Atom 1 weights: 0.7141789474735916 Ni 0.016967092700833006 Cr 0.26885395982557536 Co 2.7755575615628914e-17 V 
Atom 2 weights: 0.0 Ni 0.0 Cr 1.0 Co 0.0 V 
Atom 3 weights: 0.6003535983717895 Ni 0.0016003973052072656 Cr 8.326672684688674e-17 Co 0.3980460043230032 V 
Atom 4 weights: 0.688177435883341 Ni 3.885780586188048e-16 Cr 0.31182256411665815 Co 3.885780586188048e-16 V 
Atom 5 weights: 0.6482368363540238 Ni 0.0 Cr 0.3517631636459761 Co 0.0 V 
Atom 6 weights: 0.8692260976050977 Ni 0.0 Cr 0.13077390239490222 Co 0.0 V 
Atom 7 weights: 0.0 Ni 0.27775843229761893 Cr 0.7222415677023811 Co 0.0 V 
Atom 8 weights: 0.06680603936600978 Ni 0.07357845079734461 Cr 0.8596155098366456 Co 0.0 V 
Atom 9 weights: 0.3394008891241948 Ni 0.0 Cr 0.6473467584093823 Co 0.013252352466423048 V 
Atom 10 weights: 0.0 Ni 0.0 Cr 0.37067854046973064 Co 0.6293214595302693 V 
Atom 11 weights: 0.28495253508221896 Ni 0.45352703021574203 Cr 2.7755575615628914e-17 Co 0.261520434702039 V 
Atom 12 weights: 0.0 Ni 0.0 Cr 0.0 Co 1.0 V 
Atom 13 weights: 5.551115123125783e-17 Ni 5.551115123125783e-17 Cr 5.551115123125783e-17 Co 0.9999999999999999 V 
Atom 14 weights: 1.1102230246251565e-16 Ni 1.1102230246251565e-16 Cr 1.1102230246251565e-16 Co 0.9999999999999997 V 
Atom 15 weights: 5.551115123125783e-17 Ni 5.551115123125783e-17 Cr 5.551115123125783e-17 Co 0.9999999999999999 V 
Atom 16 weights: 0.0 Ni 0.0 Cr 0.0 Co 1.0 V 
HEA binding free energy: 1.737610422791269 eV, Target: 1.6 eV
Entropy: 6.528582962848822

Iteration 20, eta = 0.1
Atom 1 weights: 0.7213194464323973 Ni 0.0670002999928885 Cr 0.20542611392759558 Co 0.006254139647118641 V 
Atom 2 weights: 4.440892098500626e-16 Ni 4.440892098500626e-16 Cr 0.9776909051195908 Co 0.022309094880408345 V 
Atom 3 weights: 0.6086835244490802 Ni 2.7755575615628914e-16 Cr 2.7755575615628914e-16 Co 0.3913164755509193 V 
Atom 4 weights: 0.7503288701466573 Ni 3.3306690738754696e-16 Cr 0.2496711298533421 Co 3.3306690738754696e-16 V 
Atom 5 weights: 0.6952850184010275 Ni 5.551115123125783e-17 Cr 0.30471498159897237 Co 5.551115123125783e-17 V 
Atom 6 weights: 0.9865737810611264 Ni 1.6653345369377348e-16 Cr 0.00811228849510448 Co 0.005313930443769038 V 
Atom 7 weights: 1.1102230246251565e-16 Ni 0.21149145176444337 Cr 0.7838892697111443 Co 0.004619278524412282 V 
Atom 8 weights: 8.326672684688674e-17 Ni 8.326672684688674e-17 Cr 0.9999999999999998 Co 8.326672684688674e-17 V 
Atom 9 weights: 0.2940717220697902 Ni 1.1102230246251565e-16 Cr 0.7059282779302096 Co 1.1102230246251565e-16 V 
Atom 10 weights: 1.1102230246251565e-16 Ni 1.1102230246251565e-16 Cr 0.2727958829042134 Co 0.7272041170957864 V 
Atom 11 weights: 0.26957886459448965 Ni 0.4953661372685588 Cr 0.0036447035012661085 Co 0.23141029463568538 V 
Atom 12 weights: 8.326672684688674e-17 Ni 8.326672684688674e-17 Cr 8.326672684688674e-17 Co 0.9999999999999998 V 
Atom 13 weights: 5.551115123125783e-17 Ni 5.551115123125783e-17 Cr 5.551115123125783e-17 Co 0.9999999999999999 V 
Atom 14 weights: 1.1102230246251565e-16 Ni 1.1102230246251565e-16 Cr 1.1102230246251565e-16 Co 0.9999999999999997 V 
Atom 15 weights: 1.1102230246251565e-16 Ni 1.1102230246251565e-16 Cr 1.1102230246251565e-16 Co 0.9999999999999997 V 
Atom 16 weights: 0.0 Ni 0.0 Cr 0.0 Co 1.0 V 
HEA binding free energy: 1.6687339021384222 eV, Target: 1.6 eV
Entropy: 5.603391772788508

Iteration 21, eta = 0.2
Atom 1 weights: 0.7378451863836477 Ni 0.07944897563263731 Cr 0.1779040141827037 Co 0.00480182380101135 V 
Atom 2 weights: 7.216449660063518e-16 Ni 7.216449660063518e-16 Cr 0.9971682318729793 Co 0.002831768127019286 V 
Atom 3 weights: 0.5937927134841857 Ni 2.220446049250313e-16 Cr 2.220446049250313e-16 Co 0.4062072865158139 V 
Atom 4 weights: 0.7768589583084199 Ni 0.0 Cr 0.21445345506975264 Co 0.008687586621827392 V 
Atom 5 weights: 0.7191873385583002 Ni 0.0 Cr 0.28081266144169986 Co 0.0 V 
Atom 6 weights: 0.9999999999999999 Ni 5.551115123125783e-17 Cr 5.551115123125783e-17 Co 5.551115123125783e-17 V 
Atom 7 weights: 5.551115123125783e-17 Ni 0.18355501298253293 Cr 0.816444987017467 Co 5.551115123125783e-17 V 
Atom 8 weights: 0.0 Ni 0.0 Cr 1.0 Co 0.0 V 
Atom 9 weights: 0.268814712929396 Ni 0.0 Cr 0.7311852870706039 Co 0.0 V 
Atom 10 weights: 0.0 Ni 0.0 Cr 0.24765758637064694 Co 0.7523424136293531 V 
Atom 11 weights: 0.2684235572334913 Ni 0.5198696144857222 Cr 5.551115123125783e-17 Co 0.21170682828078638 V 
Atom 12 weights: 8.326672684688674e-17 Ni 8.326672684688674e-17 Cr 8.326672684688674e-17 Co 0.9999999999999998 V 
Atom 13 weights: 1.1102230246251565e-16 Ni 1.1102230246251565e-16 Cr 1.1102230246251565e-16 Co 0.9999999999999998 V 
Atom 14 weights: 1.1102230246251565e-16 Ni 1.1102230246251565e-16 Cr 1.1102230246251565e-16 Co 0.9999999999999998 V 
Atom 15 weights: 5.551115123125783e-17 Ni 5.551115123125783e-17 Cr 5.551115123125783e-17 Co 0.9999999999999999 V 
Atom 16 weights: 1.1102230246251565e-16 Ni 1.1102230246251565e-16 Cr 1.1102230246251565e-16 Co 0.9999999999999998 V 
HEA binding free energy: 1.6806550273957497 eV, Target: 1.6 eV
Entropy: 5.2548700126583965

Iteration 22, eta = 0.2
Atom 1 weights: 0.7387381575579728 Ni 0.07863520978178236 Cr 0.1705345391181059 Co 0.012092093542138917 V 
Atom 2 weights: 0.0 Ni 0.0 Cr 1.0 Co 0.0 V 
Atom 3 weights: 0.5891069828252337 Ni 0.0 Cr 0.0 Co 0.41089301717476645 V 
Atom 4 weights: 0.7834149098264387 Ni 2.7755575615628914e-17 Cr 0.21080784141525263 Co 0.005777248758308688 V 
Atom 5 weights: 0.7231500078947009 Ni 0.0 Cr 0.27684999210529915 Co 0.0 V 
Atom 6 weights: 1.0 Ni 0.0 Cr 0.0 Co 0.0 V 
Atom 7 weights: 2.7755575615628914e-17 Ni 0.1782272876363294 Cr 0.8217727123636706 Co 2.7755575615628914e-17 V 
Atom 8 weights: 0.0 Ni 0.0 Cr 1.0 Co 0.0 V 
Atom 9 weights: 0.26460222717536397 Ni 5.551115123125783e-17 Cr 0.7353977728246359 Co 5.551115123125783e-17 V 
Atom 10 weights: 0.0 Ni 0.0 Cr 0.24593929903123224 Co 0.7540607009687678 V 
Atom 11 weights: 0.26948001805963245 Ni 0.52440561441168 Cr 0.0 Co 0.20611436752868767 V 
Atom 12 weights: 0.0 Ni 0.0 Cr 0.0 Co 1.0 V 
Atom 13 weights: 0.0 Ni 0.0 Cr 0.0 Co 1.0 V 
Atom 14 weights: 0.0 Ni 0.0 Cr 0.0 Co 1.0 V 
Atom 15 weights: 0.0 Ni 0.0 Cr 0.0 Co 1.0 V 
Atom 16 weights: 0.0 Ni 0.0 Cr 0.0 Co 1.0 V 
HEA binding free energy: 1.6518645930162372 eV, Target: 1.6 eV
Entropy: 5.216739224300729

Iteration 23, eta = 0.2
Atom 1 weights: 0.7516363721865305 Ni 0.07417636241802013 Cr 0.1469175615472551 Co 0.027269703848194323 V 
Atom 2 weights: 0.0 Ni 0.0 Cr 1.0 Co 0.0 V 
Atom 3 weights: 0.5861326480135566 Ni 2.7755575615628914e-17 Cr 0.0007364835808696708 Co 0.41313086840557367 V 
Atom 4 weights: 0.8079845099835482 Ni 0.0 Cr 0.19201549001645174 Co 0.0 V 
Atom 5 weights: 0.7399534428212056 Ni 5.551115123125783e-17 Cr 0.2600465571787943 Co 5.551115123125783e-17 V 
Atom 6 weights: 1.0 Ni 0.0 Cr 0.0 Co 0.0 V 
Atom 7 weights: 2.7755575615628914e-17 Ni 0.15468721618758613 Cr 0.8453127838124138 Co 2.7755575615628914e-17 V 
Atom 8 weights: 5.551115123125783e-17 Ni 5.551115123125783e-17 Cr 0.9999999999999999 Co 5.551115123125783e-17 V 
Atom 9 weights: 0.24668423746969345 Ni 0.0 Cr 0.7533157625303065 Co 0.0 V 
Atom 10 weights: 2.7755575615628914e-17 Ni 2.7755575615628914e-17 Cr 0.23376591130886276 Co 0.7662340886911372 V 
Atom 11 weights: 0.27041939199409293 Ni 0.5418273542950455 Cr 0.0 Co 0.1877532537108617 V 
Atom 12 weights: 5.551115123125783e-17 Ni 5.551115123125783e-17 Cr 5.551115123125783e-17 Co 0.9999999999999999 V 
Atom 13 weights: 0.0 Ni 0.0 Cr 0.0 Co 1.0 V 
Atom 14 weights: 0.0 Ni 0.0 Cr 0.0 Co 1.0 V 
Atom 15 weights: 0.0 Ni 0.0 Cr 0.0 Co 1.0 V 
Atom 16 weights: 0.0 Ni 0.0 Cr 0.0 Co 1.0 V 
HEA binding free energy: 1.6528635611317182 eV, Target: 1.6 eV
Entropy: 5.066348000357298

Iteration 24, eta = 0.2
Atom 1 weights: 0.8140335206992834 Ni 0.0528995810446562 Cr 0.04131869639101496 Co 0.09174820186504541 V 
Atom 2 weights: 0.0 Ni 0.0 Cr 1.0 Co 0.0 V 
Atom 3 weights: 0.5695487890049357 Ni 0.0 Cr 0.0011728757237073034 Co 0.4292783352713571 V 
Atom 4 weights: 0.9072261040437156 Ni 0.0 Cr 0.09277389595628435 Co 0.0 V 
Atom 5 weights: 0.8169067089004407 Ni 2.7755575615628914e-17 Cr 0.18309329109955924 Co 2.7755575615628914e-17 V 
Atom 6 weights: 1.0 Ni 0.0 Cr 0.0 Co 0.0 V 
Atom 7 weights: 0.0 Ni 0.04723392117580179 Cr 0.9527660788241983 Co 0.0 V 
Atom 8 weights: 0.0 Ni 0.0 Cr 1.0 Co 0.0 V 
Atom 9 weights: 0.16316362251695296 Ni 5.551115123125783e-17 Cr 0.8340909752588006 Co 0.0027454022242464344 V 
Atom 10 weights: 5.551115123125783e-17 Ni 5.551115123125783e-17 Cr 0.17944047751294342 Co 0.8205595224870565 V 
Atom 11 weights: 0.2761632094319362 Ni 0.6220591028439046 Cr 5.551115123125783e-17 Co 0.10177768772415918 V 
