   Eewald =     5655.2295000368640103
       EH =     7465.5639565594874512
     Eloc =   -15282.3237511980878480
      Enl =     -526.0867469620329757
   Epulay =       -0.0004805379600646
      Exc =     -246.5828286080180192
       KE =      927.1693812204151754
        U =        1.0325546860060453
-------------------------------------
     Etot =    -2005.9984148033261135
       TS =        0.0000085366048463
-------------------------------------
        F =    -2005.9984233399309232
