Initilizing minimization for species Ni Cr Co V 

Target: 1.6 eV
Performing first surface calculations...
Surface calculations successfully finished.
Initial entropy parameter eta set to 0.05
_____________________________________________________________________
Beginning minimzation


Iteration 1, eta = 0.05
Atom 1 weights: 0.2718982374049865 Ni 0.2708967715455774 Cr 0.2081290666340258 Co 0.24907592441541043 V 
Atom 2 weights: 0.233618026631535 Ni 0.2794474929240674 Cr 0.23060852080577848 Co 0.2563259596386192 V 
Atom 3 weights: 0.3097560254742478 Ni 0.2193685368604894 Cr 0.24495048260332075 Co 0.225924955061942 V 
Atom 4 weights: 0.24879535680721637 Ni 0.22610772362132633 Cr 0.27942694280670205 Co 0.24566997676475516 V 
Atom 5 weights: 0.26718074764490746 Ni 0.22955542030779647 Cr 0.272082276518704 Co 0.23118155552859215 V 
Atom 6 weights: 0.29480345487625914 Ni 0.23447576816472632 Cr 0.2403334250814357 Co 0.2303873518775788 V 
Atom 7 weights: 0.28161712707976416 Ni 0.2249092163058112 Cr 0.2541999456438469 Co 0.23927371097057765 V 
Atom 8 weights: 0.27852942559188737 Ni 0.24445402564481755 Cr 0.23369121354573136 Co 0.24332533521756378 V 
Atom 9 weights: 0.2622309122161366 Ni 0.23405719760386884 Cr 0.23976360879969494 Co 0.2639482813802996 V 
Atom 10 weights: 0.23980361947852175 Ni 0.27267728217519616 Cr 0.22016431014364174 Co 0.26735478820264036 V 
Atom 11 weights: 0.27773796259295275 Ni 0.2527224951858847 Cr 0.21632561696321986 Co 0.25321392525794284 V 
Atom 12 weights: 0.23704583823856568 Ni 0.266635374790174 Cr 0.2347124197109571 Co 0.26160636726030323 V 
Atom 13 weights: 0.21806483669306137 Ni 0.2584047175767876 Cr 0.2905204959679465 Co 0.23300994976220452 V 
Atom 14 weights: 0.22665095860898082 Ni 0.27140711157132286 Cr 0.23579437849384757 Co 0.26614755132584883 V 
Atom 15 weights: 0.2613245388799502 Ni 0.27050501382426656 Cr 0.2766108159991845 Co 0.1915596312965987 V 
Atom 16 weights: 0.22792100107154206 Ni 0.2253738126054752 Cr 0.2696238960545348 Co 0.27708129026844797 V 
HEA binding free energy: 0.5087527687099908 eV, Target: 1.6 eV
Entropy: 22.111461437674823

Iteration 2, eta = 0.05
Atom 1 weights: 0.2719210849765604 Ni 0.2708897811724091 Cr 0.20814564561782828 Co 0.24904348823320233 V 
Atom 2 weights: 0.23362933233795619 Ni 0.2794494172623352 Cr 0.23061886640557502 Co 0.2563023839941337 V 
Atom 3 weights: 0.30976712124182315 Ni 0.2193701259472376 Cr 0.24496058176136287 Co 0.22590217104957633 V 
Atom 4 weights: 0.24880649996044524 Ni 0.22610957554649702 Cr 0.2794372512881942 Co 0.24564667320486358 V 
Atom 5 weights: 0.26718441779464 Ni 0.22955600167569798 Cr 0.2720856680587934 Co 0.23117391247086866 V 
Atom 6 weights: 0.29480663737236834 Ni 0.23447636993499937 Cr 0.24033634938357348 Co 0.23038064330905877 V 
Atom 7 weights: 0.2816206565622167 Ni 0.22490985369868446 Cr 0.25420321092925857 Co 0.23926627880984025 V 
Atom 8 weights: 0.27853329594304305 Ni 0.2444547230097526 Cr 0.23369476497899322 Co 0.2433172160682112 V 
Atom 9 weights: 0.26222622756319813 Ni 0.23405627854531835 Cr 0.23975921350725685 Co 0.26395828038422675 V 
Atom 10 weights: 0.2398003199837314 Ni 0.2726766680472657 Cr 0.22016123117567646 Co 0.26736178079332645 V 
Atom 11 weights: 0.27773456637073224 Ni 0.2527218692958138 Cr 0.2163224152737867 Co 0.2532211490596672 V 
Atom 12 weights: 0.23704127434430364 Ni 0.26663454164148825 Cr 0.23470818463563567 Co 0.26161599937857244 V 
Atom 13 weights: 0.2180543697238697 Ni 0.25840284177466133 Cr 0.29051090380327926 Co 0.23303188469818967 V 
Atom 14 weights: 0.2266399450005692 Ni 0.27140505422627537 Cr 0.23578422021977602 Co 0.26617078055337945 V 
Atom 15 weights: 0.261313772685072 Ni 0.27050311801511684 Cr 0.276600911042043 Co 0.19158219825776818 V 
Atom 16 weights: 0.2279102808231961 Ni 0.22537196297811385 Cr 0.26961404599742034 Co 0.2771037102012698 V 
HEA binding free energy: 0.9941369572992974 eV, Target: 1.6 eV
Entropy: 22.111457216079096

Iteration 3, eta = 0.1
Atom 1 weights: 0.2719210849765604 Ni 0.2708897811724091 Cr 0.20814564561782828 Co 0.24904348823320233 V 
Atom 2 weights: 0.23362933233795619 Ni 0.2794494172623352 Cr 0.23061886640557502 Co 0.2563023839941337 V 
Atom 3 weights: 0.30976712124182315 Ni 0.2193701259472376 Cr 0.24496058176136287 Co 0.22590217104957633 V 
Atom 4 weights: 0.24880649996044524 Ni 0.22610957554649702 Cr 0.2794372512881942 Co 0.24564667320486358 V 
Atom 5 weights: 0.26718441779464 Ni 0.22955600167569798 Cr 0.2720856680587934 Co 0.23117391247086866 V 
Atom 6 weights: 0.29480663737236834 Ni 0.23447636993499937 Cr 0.24033634938357348 Co 0.23038064330905877 V 
Atom 7 weights: 0.2816206565622167 Ni 0.22490985369868446 Cr 0.25420321092925857 Co 0.23926627880984025 V 
Atom 8 weights: 0.27853329594304305 Ni 0.2444547230097526 Cr 0.23369476497899322 Co 0.2433172160682112 V 
Atom 9 weights: 0.26222622756319813 Ni 0.23405627854531835 Cr 0.23975921350725685 Co 0.26395828038422675 V 
Atom 10 weights: 0.2398003199837314 Ni 0.2726766680472657 Cr 0.22016123117567646 Co 0.26736178079332645 V 
Atom 11 weights: 0.27773456637073224 Ni 0.2527218692958138 Cr 0.2163224152737867 Co 0.2532211490596672 V 
Atom 12 weights: 0.23704127434430364 Ni 0.26663454164148825 Cr 0.23470818463563567 Co 0.26161599937857244 V 
Atom 13 weights: 0.2180543697238697 Ni 0.25840284177466133 Cr 0.29051090380327926 Co 0.23303188469818967 V 
Atom 14 weights: 0.2266399450005692 Ni 0.27140505422627537 Cr 0.23578422021977602 Co 0.26617078055337945 V 
Atom 15 weights: 0.261313772685072 Ni 0.27050311801511684 Cr 0.276600911042043 Co 0.19158219825776818 V 
Atom 16 weights: 0.2279102808231961 Ni 0.22537196297811385 Cr 0.26961404599742034 Co 0.2771037102012698 V 
HEA binding free energy: 0.8371527300453283 eV, Target: 1.6 eV
Entropy: 22.111457216079096

Iteration 4, eta = 0.2
Atom 1 weights: 0.2719210849765604 Ni 0.2708897811724091 Cr 0.20814564561782828 Co 0.24904348823320233 V 
Atom 2 weights: 0.23362933233795619 Ni 0.2794494172623352 Cr 0.23061886640557502 Co 0.2563023839941337 V 
Atom 3 weights: 0.30976712124182315 Ni 0.2193701259472376 Cr 0.24496058176136287 Co 0.22590217104957633 V 
Atom 4 weights: 0.24880649996044524 Ni 0.22610957554649702 Cr 0.2794372512881942 Co 0.24564667320486358 V 
Atom 5 weights: 0.26718441779464 Ni 0.22955600167569798 Cr 0.2720856680587934 Co 0.23117391247086866 V 
Atom 6 weights: 0.29480663737236834 Ni 0.23447636993499937 Cr 0.24033634938357348 Co 0.23038064330905877 V 
Atom 7 weights: 0.2816206565622167 Ni 0.22490985369868446 Cr 0.25420321092925857 Co 0.23926627880984025 V 
Atom 8 weights: 0.27853329594304305 Ni 0.2444547230097526 Cr 0.23369476497899322 Co 0.2433172160682112 V 
Atom 9 weights: 0.26222622756319813 Ni 0.23405627854531835 Cr 0.23975921350725685 Co 0.26395828038422675 V 
Atom 10 weights: 0.2398003199837314 Ni 0.2726766680472657 Cr 0.22016123117567646 Co 0.26736178079332645 V 
Atom 11 weights: 0.27773456637073224 Ni 0.2527218692958138 Cr 0.2163224152737867 Co 0.2532211490596672 V 
Atom 12 weights: 0.23704127434430364 Ni 0.26663454164148825 Cr 0.23470818463563567 Co 0.26161599937857244 V 
Atom 13 weights: 0.2180543697238697 Ni 0.25840284177466133 Cr 0.29051090380327926 Co 0.23303188469818967 V 
Atom 14 weights: 0.2266399450005692 Ni 0.27140505422627537 Cr 0.23578422021977602 Co 0.26617078055337945 V 
Atom 15 weights: 0.261313772685072 Ni 0.27050311801511684 Cr 0.276600911042043 Co 0.19158219825776818 V 
Atom 16 weights: 0.2279102808231961 Ni 0.22537196297811385 Cr 0.26961404599742034 Co 0.2771037102012698 V 
HEA binding free energy: 0.4689364545231653 eV, Target: 1.6 eV
Entropy: 22.111457216079096

Iteration 5, eta = 0.2
Atom 1 weights: 0.2722660041479864 Ni 0.27018341592422024 Cr 0.2081377210003129 Co 0.24941285892748055 V 
Atom 2 weights: 0.23379145500881907 Ni 0.27947768267558154 Cr 0.2307609406126407 Co 0.2559699217029588 V 
Atom 3 weights: 0.3097978229158452 Ni 0.21933458772775155 Cr 0.24496149174250542 Co 0.22590609761389782 V 
Atom 4 weights: 0.24911089789967508 Ni 0.22614754623912667 Cr 0.27972091890045825 Co 0.24502063696074006 V 
Atom 5 weights: 0.26816875517215016 Ni 0.22971829853542236 Cr 0.2729983616139352 Co 0.2291145846784923 V 
Atom 6 weights: 0.29581018010350485 Ni 0.23465363750051366 Cr 0.24125620351788235 Co 0.22827997887809912 V 
Atom 7 weights: 0.2825799164440876 Ni 0.22507477357769018 Cr 0.25508796921342414 Co 0.23725734076479812 V 
Atom 8 weights: 0.2795953135890306 Ni 0.24464417322788565 Cr 0.23466894406610042 Co 0.24109156911698337 V 
Atom 9 weights: 0.2620872957862132 Ni 0.23403501687867564 Cr 0.23962881145404144 Co 0.2642488758810698 V 
Atom 10 weights: 0.24008477374079684 Ni 0.2727405625058609 Cr 0.2204219869546945 Co 0.26675267679864784 V 
Atom 11 weights: 0.27799751888641416 Ni 0.2527687963680422 Cr 0.2165515462648368 Co 0.2526821384807068 V 
Atom 12 weights: 0.23718941726947765 Ni 0.2666744158854494 Cr 0.2348482685649595 Co 0.2612878982801135 V 
Atom 13 weights: 0.21701167826270534 Ni 0.25821947744822465 Cr 0.28956576794148453 Co 0.23520307634758547 V 
Atom 14 weights: 0.22542933604100823 Ni 0.2711950264514649 Cr 0.23467035206816717 Co 0.2687052854393597 V 
Atom 15 weights: 0.2605918204321484 Ni 0.2703765690114805 Cr 0.2759383177321764 Co 0.1930932928241947 V 
Atom 16 weights: 0.22689905090268037 Ni 0.22518937912480688 Cr 0.2686897445242432 Co 0.2792218254482694 V 
HEA binding free energy: 0.5167301076948455 eV, Target: 1.6 eV
Entropy: 22.110659148409223

Iteration 6, eta = 0.2
Atom 1 weights: 0.280299228256892 Ni 0.266770563900894 Cr 0.2134985425411316 Co 0.2394316653010825 V 
Atom 2 weights: 0.23739294235004238 Ni 0.2801204636990952 Cr 0.23404489855230198 Co 0.2484416953985605 V 
Atom 3 weights: 0.313120920981928 Ni 0.2196962728264833 Cr 0.24788108868518777 Co 0.21930171750640098 V 
Atom 4 weights: 0.2522735168608242 Ni 0.22663599727200362 Cr 0.2826888319624207 Co 0.23840165390475143 V 
Atom 5 weights: 0.27005685970162013 Ni 0.23000776237444823 Cr 0.27475461960615516 Co 0.22518075831777637 V 
Atom 6 weights: 0.2976284571777087 Ni 0.2349942451389184 Cr 0.2428796937706612 Co 0.2244976039127117 V 
Atom 7 weights: 0.28442163208506877 Ni 0.22540277040245943 Cr 0.2567741694122627 Co 0.2334014281002091 V 
Atom 8 weights: 0.28161934653394916 Ni 0.2450066699148304 Cr 0.23647941438696013 Co 0.23689456916426038 V 
Atom 9 weights: 0.2609858079138634 Ni 0.23386019015589038 Cr 0.2385926958253687 Co 0.2665613061048776 V 
Atom 10 weights: 0.23924086088164795 Ni 0.2726406674230521 Cr 0.21961638579510603 Co 0.26850208590019387 V 
Atom 11 weights: 0.27706586715139925 Ni 0.25260869440733025 Cr 0.21559794022401416 Co 0.2547274982172564 V 
Atom 12 weights: 0.23615664629315994 Ni 0.2665785681644114 Cr 0.23391483664577775 Co 0.26334994889665087 V 
Atom 13 weights: 0.21323195337952452 Ni 0.2575651410203302 Cr 0.2861925463461865 Co 0.24301035925395864 V 
Atom 14 weights: 0.22161209540503127 Ni 0.2705423758162168 Cr 0.23116486296766267 Co 0.2766806658110893 V 
Atom 15 weights: 0.25726497024151374 Ni 0.2698027708046008 Cr 0.27289452027005645 Co 0.20003773868382896 V 
Atom 16 weights: 0.22305977660699008 Ni 0.2244943257613553 Cr 0.2652119071268141 Co 0.2872339905048405 V 
HEA binding free energy: 0.5488919289831727 eV, Target: 1.6 eV
Entropy: 22.106401095752606

Iteration 7, eta = 0.2
Atom 1 weights: 0.28325255697264995 Ni 0.26453107889228183 Cr 0.21505487565774298 Co 0.2371614884773253 V 
Atom 2 weights: 0.23700200558706688 Ni 0.28000161749464003 Cr 0.2336528624179971 Co 0.249343514500296 V 
Atom 3 weights: 0.312721708202049 Ni 0.2194996431054176 Cr 0.24742264549318263 Co 0.22035600319935078 V 
Atom 4 weights: 0.25193737220125634 Ni 0.22652736482149816 Cr 0.2824004459658493 Co 0.23913481701139622 V 
Atom 5 weights: 0.269978369106299 Ni 0.22996670641735437 Cr 0.2746846092357846 Co 0.225370315240562 V 
Atom 6 weights: 0.2977382385236198 Ni 0.23501559690316187 Cr 0.24294148129497234 Co 0.22430468327824596 V 
Atom 7 weights: 0.2844555589212994 Ni 0.22540572958812577 Cr 0.2567901272623708 Co 0.23334858422820398 V 
Atom 8 weights: 0.28159355563954047 Ni 0.24499978358568253 Cr 0.23641711389593975 Co 0.23698954687883733 V 
Atom 9 weights: 0.26169232802410203 Ni 0.23396647358812855 Cr 0.2392296870637686 Co 0.2651115113240008 V 
Atom 10 weights: 0.23941162964025836 Ni 0.2727030412127258 Cr 0.21975795739244902 Co 0.2681273717545668 V 
Atom 11 weights: 0.27737065638253067 Ni 0.25267139988473014 Cr 0.21582901870680887 Co 0.2541289250259304 V 
Atom 12 weights: 0.23658177405611633 Ni 0.2666984576861916 Cr 0.23431522080539444 Co 0.2624045474522976 V 
Atom 13 weights: 0.21325741631323564 Ni 0.2575997204368222 Cr 0.28628539442495726 Co 0.2428574688249849 V 
Atom 14 weights: 0.22176157239307084 Ni 0.270613904590313 Cr 0.23131463419393722 Co 0.27630988882267893 V 
Atom 15 weights: 0.25747014350391906 Ni 0.2698743816448658 Cr 0.27310330008959943 Co 0.19955217476161566 V 
Atom 16 weights: 0.2231545528229906 Ni 0.22450528723590496 Cr 0.2653404426144983 Co 0.28699971732660623 V 
HEA binding free energy: 0.579272988148423 eV, Target: 1.6 eV
Entropy: 22.106718950876534

Iteration 8, eta = 0.4
Atom 1 weights: 0.28325255697264995 Ni 0.26453107889228183 Cr 0.21505487565774298 Co 0.2371614884773253 V 
Atom 2 weights: 0.23700200558706688 Ni 0.28000161749464003 Cr 0.2336528624179971 Co 0.249343514500296 V 
Atom 3 weights: 0.312721708202049 Ni 0.2194996431054176 Cr 0.24742264549318263 Co 0.22035600319935078 V 
Atom 4 weights: 0.25193737220125634 Ni 0.22652736482149816 Cr 0.2824004459658493 Co 0.23913481701139622 V 
Atom 5 weights: 0.269978369106299 Ni 0.22996670641735437 Cr 0.2746846092357846 Co 0.225370315240562 V 
Atom 6 weights: 0.2977382385236198 Ni 0.23501559690316187 Cr 0.24294148129497234 Co 0.22430468327824596 V 
Atom 7 weights: 0.2844555589212994 Ni 0.22540572958812577 Cr 0.2567901272623708 Co 0.23334858422820398 V 
Atom 8 weights: 0.28159355563954047 Ni 0.24499978358568253 Cr 0.23641711389593975 Co 0.23698954687883733 V 
Atom 9 weights: 0.26169232802410203 Ni 0.23396647358812855 Cr 0.2392296870637686 Co 0.2651115113240008 V 
Atom 10 weights: 0.23941162964025836 Ni 0.2727030412127258 Cr 0.21975795739244902 Co 0.2681273717545668 V 
Atom 11 weights: 0.27737065638253067 Ni 0.25267139988473014 Cr 0.21582901870680887 Co 0.2541289250259304 V 
Atom 12 weights: 0.23658177405611633 Ni 0.2666984576861916 Cr 0.23431522080539444 Co 0.2624045474522976 V 
Atom 13 weights: 0.21325741631323564 Ni 0.2575997204368222 Cr 0.28628539442495726 Co 0.2428574688249849 V 
Atom 14 weights: 0.22176157239307084 Ni 0.270613904590313 Cr 0.23131463419393722 Co 0.27630988882267893 V 
Atom 15 weights: 0.25747014350391906 Ni 0.2698743816448658 Cr 0.27310330008959943 Co 0.19955217476161566 V 
Atom 16 weights: 0.2231545528229906 Ni 0.22450528723590496 Cr 0.2653404426144983 Co 0.28699971732660623 V 
HEA binding free energy: 0.6636393608906439 eV, Target: 1.6 eV
Entropy: 22.106718950876534

Iteration 9, eta = 0.4
Atom 1 weights: 0.2842206836356689 Ni 0.26460646310657054 Cr 0.2159041369674522 Co 0.2352687162903084 V 
Atom 2 weights: 0.2389266340884397 Ni 0.2803698041978351 Cr 0.235430634998693 Co 0.24527292671503226 V 
Atom 3 weights: 0.31364768060832987 Ni 0.21962908625475858 Cr 0.24826420819437778 Co 0.2184590249425338 V 
Atom 4 weights: 0.2516619256014308 Ni 0.22646680474529512 Cr 0.2821453952043816 Co 0.23972587444889246 V 
Atom 5 weights: 0.270570312017278 Ni 0.23008192972814875 Cr 0.27523896718412977 Co 0.22410879107044349 V 
Atom 6 weights: 0.2982484987199162 Ni 0.23511717763780068 Cr 0.24341507247898725 Co 0.22321925116329594 V 
Atom 7 weights: 0.2849145316036232 Ni 0.225496808928356 Cr 0.25721886636203717 Co 0.2323697931059836 V 
Atom 8 weights: 0.2819639547516543 Ni 0.2450759931947681 Cr 0.23676089631118793 Co 0.23619915574238975 V 
Atom 9 weights: 0.26115599852495086 Ni 0.2338841369611371 Cr 0.23873377201583246 Co 0.26622609249807955 V 
Atom 10 weights: 0.23840300062511605 Ni 0.2724771066836175 Cr 0.2188077498569781 Co 0.27031214283428834 V 
Atom 11 weights: 0.2764737936508811 Ni 0.2524850671793694 Cr 0.21498315707128615 Co 0.25605798209846337 V 
Atom 12 weights: 0.23538426944479085 Ni 0.266415654377047 Cr 0.23318254536834382 Co 0.2650175308098184 V 
Atom 13 weights: 0.21267627753924692 Ni 0.25749594682087906 Cr 0.28575560139408307 Co 0.24407217424579097 V 
Atom 14 weights: 0.22169629923552503 Ni 0.27061436846502174 Cr 0.23125966426019404 Co 0.2764296680392592 V 
Atom 15 weights: 0.2568645386372346 Ni 0.269761707590302 Cr 0.27254470127000535 Co 0.20082905250245806 V 
Atom 16 weights: 0.22264513874910935 Ni 0.22441971585941936 Cr 0.2648755853531279 Co 0.28805956003834343 V 
HEA binding free energy: 0.7313778152153325 eV, Target: 1.6 eV
Entropy: 22.105177135314754

Iteration 10, eta = 0.8
Atom 1 weights: 0.2842206836356689 Ni 0.26460646310657054 Cr 0.2159041369674522 Co 0.2352687162903084 V 
Atom 2 weights: 0.2389266340884397 Ni 0.2803698041978351 Cr 0.235430634998693 Co 0.24527292671503226 V 
Atom 3 weights: 0.31364768060832987 Ni 0.21962908625475858 Cr 0.24826420819437778 Co 0.2184590249425338 V 
Atom 4 weights: 0.2516619256014308 Ni 0.22646680474529512 Cr 0.2821453952043816 Co 0.23972587444889246 V 
Atom 5 weights: 0.270570312017278 Ni 0.23008192972814875 Cr 0.27523896718412977 Co 0.22410879107044349 V 
Atom 6 weights: 0.2982484987199162 Ni 0.23511717763780068 Cr 0.24341507247898725 Co 0.22321925116329594 V 
Atom 7 weights: 0.2849145316036232 Ni 0.225496808928356 Cr 0.25721886636203717 Co 0.2323697931059836 V 
Atom 8 weights: 0.2819639547516543 Ni 0.2450759931947681 Cr 0.23676089631118793 Co 0.23619915574238975 V 
Atom 9 weights: 0.26115599852495086 Ni 0.2338841369611371 Cr 0.23873377201583246 Co 0.26622609249807955 V 
Atom 10 weights: 0.23840300062511605 Ni 0.2724771066836175 Cr 0.2188077498569781 Co 0.27031214283428834 V 
Atom 11 weights: 0.2764737936508811 Ni 0.2524850671793694 Cr 0.21498315707128615 Co 0.25605798209846337 V 
Atom 12 weights: 0.23538426944479085 Ni 0.266415654377047 Cr 0.23318254536834382 Co 0.2650175308098184 V 
Atom 13 weights: 0.21267627753924692 Ni 0.25749594682087906 Cr 0.28575560139408307 Co 0.24407217424579097 V 
Atom 14 weights: 0.22169629923552503 Ni 0.27061436846502174 Cr 0.23125966426019404 Co 0.2764296680392592 V 
Atom 15 weights: 0.2568645386372346 Ni 0.269761707590302 Cr 0.27254470127000535 Co 0.20082905250245806 V 
Atom 16 weights: 0.22264513874910935 Ni 0.22441971585941936 Cr 0.2648755853531279 Co 0.28805956003834343 V 
HEA binding free energy: 0.5922052076355311 eV, Target: 1.6 eV
Entropy: 22.105177135314754

Iteration 11, eta = 0.8
Atom 1 weights: 0.28884574101821564 Ni 0.262867231490509 Cr 0.21886912146128365 Co 0.2294179060299917 V 
Atom 2 weights: 0.2377893250639681 Ni 0.2803228784402071 Cr 0.23436310771988758 Co 0.24752468877593725 V 
Atom 3 weights: 0.3115280111749593 Ni 0.21912601502270118 Cr 0.24606595207079718 Co 0.22328002173154227 V 
Atom 4 weights: 0.24456530983535987 Ni 0.22516834324389193 Cr 0.2757220937642411 Co 0.25454425315650714 V 
Atom 5 weights: 0.26969282821722806 Ni 0.22981776726164513 Cr 0.27444995778077486 Co 0.22603944674035198 V 
Atom 6 weights: 0.2978726542758736 Ni 0.23496534262001587 Cr 0.2428850356040342 Co 0.22427696750007625 V 
Atom 7 weights: 0.2849559091715489 Ni 0.2253883334298062 Cr 0.25717446733820204 Co 0.23248129006044285 V 
Atom 8 weights: 0.2817150812286583 Ni 0.24497134958123856 Cr 0.23637340196205675 Co 0.23694016722804645 V 
Atom 9 weights: 0.2601986542587619 Ni 0.2336659476609864 Cr 0.23776509602786494 Co 0.26837030205238677 V 
Atom 10 weights: 0.23757703616560083 Ni 0.27240549326727054 Cr 0.21797700335213666 Co 0.272040467214992 V 
Atom 11 weights: 0.2765174519468164 Ni 0.25250161991373077 Cr 0.2148118811011937 Co 0.2561690470382591 V 
Atom 12 weights: 0.2366999058468681 Ni 0.26671767086692877 Cr 0.23438894488165166 Co 0.26219347840455154 V 
Atom 13 weights: 0.2151920033272803 Ni 0.2579852669174383 Cr 0.2883302795587583 Co 0.23849245019652304 V 
Atom 14 weights: 0.22557952510316565 Ni 0.27143612832747294 Cr 0.23486228363776934 Co 0.2681220629315921 V 
Atom 15 weights: 0.2591441133494127 Ni 0.2702300652390712 Cr 0.2746983137512424 Co 0.19592750766027375 V 
Atom 16 weights: 0.22505398621327538 Ni 0.2247341984179028 Cr 0.2672384701444495 Co 0.2829733452243723 V 
HEA binding free energy: 0.6256841043333937 eV, Target: 1.6 eV
Entropy: 22.10708054912602

Iteration 12, eta = 0.8
Atom 1 weights: 0.29364278159271406 Ni 0.26115061995487865 Cr 0.2220028559179871 Co 0.22320374253442013 V 
Atom 2 weights: 0.2395790094484823 Ni 0.2807652419506349 Cr 0.23598869671736356 Co 0.24366705188351928 V 
Atom 3 weights: 0.312964531922019 Ni 0.21917431758421105 Cr 0.24714398687684455 Co 0.2207171636169254 V 
Atom 4 weights: 0.24490346352437195 Ni 0.22515920941319922 Cr 0.2761583946258842 Co 0.2537789324365446 V 
Atom 5 weights: 0.2698347826699383 Ni 0.22974682164398025 Cr 0.27460483217274834 Co 0.22581356351333312 V 
Atom 6 weights: 0.2980780315060543 Ni 0.23493528866932176 Cr 0.24289402278761946 Co 0.22409265703700443 V 
Atom 7 weights: 0.28524124606433066 Ni 0.22534656599844147 Cr 0.2573575081415455 Co 0.23205467979568253 V 
Atom 8 weights: 0.28195385890189384 Ni 0.24497828621719525 Cr 0.2364382398962265 Co 0.2366296149846844 V 
Atom 9 weights: 0.2595269808146435 Ni 0.23347899085914697 Cr 0.23706161507112605 Co 0.2699324132550834 V 
Atom 10 weights: 0.2359516511693414 Ni 0.2721807240924162 Cr 0.21639837048299415 Co 0.2754692542552481 V 
Atom 11 weights: 0.2758878121184708 Ni 0.2523820269987749 Cr 0.21400837682034615 Co 0.2577217840624081 V 
Atom 12 weights: 0.23581426696314142 Ni 0.26661225124312876 Cr 0.2335592820157658 Co 0.26401419977796414 V 
Atom 13 weights: 0.21463895115837303 Ni 0.25794449993174334 Cr 0.28808304700603465 Co 0.23933350190384886 V 
Atom 14 weights: 0.2254855928571738 Ni 0.27152915959658624 Cr 0.23480385396250197 Co 0.26818139358373805 V 
Atom 15 weights: 0.2583876271383311 Ni 0.2701712415235429 Cr 0.2740626205542992 Co 0.19737851078382687 V 
Atom 16 weights: 0.22426207616340108 Ni 0.22452433086625526 Cr 0.2666574836289622 Co 0.2845561093413814 V 
HEA binding free energy: 0.6254415850667321 eV, Target: 1.6 eV
Entropy: 22.104508088024687

Iteration 13, eta = 0.8
Atom 1 weights: 0.4744679754287491 Ni 0.1881732044554157 Cr 0.3373588201158352 Co 1.1102230246251565e-16 V 
Atom 2 weights: 0.3138027871026901 Ni 0.2990660752450613 Cr 0.30351427069159254 Co 0.08361686696065618 V 
Atom 3 weights: 0.37421297938091647 Ni 0.22194134225513462 Cr 0.29391006801617714 Co 0.10993561034777177 V 
Atom 4 weights: 0.26662894447244867 Ni 0.22639960149333382 Cr 0.3011926236088721 Co 0.20577883042534548 V 
Atom 5 weights: 0.26845286442410743 Ni 0.22561196942649278 Cr 0.2742249178428777 Co 0.23171024830652218 V 
Atom 6 weights: 0.3013792033790239 Ni 0.2328100137831459 Cr 0.23873948086054064 Co 0.22707130197728956 V 
Atom 7 weights: 0.2892449115929716 Ni 0.22228814881154704 Cr 0.257803354269423 Co 0.23066358532605835 V 
Atom 8 weights: 0.284440863701695 Ni 0.2439078071266338 Cr 0.23251790195474317 Co 0.23913342721692793 V 
Atom 9 weights: 0.2315568293955697 Ni 0.2258049266574639 Cr 0.2079123743115016 Co 0.3347258696354648 V 
Atom 10 weights: 0.16899093103851123 Ni 0.26263132012418317 Cr 0.15141656438028253 Co 0.4169611844570231 V 
Atom 11 weights: 0.24999060019464672 Ni 0.24744256246646543 Cr 0.1812661506386512 Co 0.3213006867002367 V 
Atom 12 weights: 0.1966166238414957 Ni 0.26157160337758245 Cr 0.19684581227764095 Co 0.3449659605032809 V 
Atom 13 weights: 0.1980172013867278 Ni 0.25731531079148423 Cr 0.2832008062116712 Co 0.2614666816101166 V 
Atom 14 weights: 0.22835665184232182 Ni 0.2765256280031235 Cr 0.23860973133589697 Co 0.2565079888186578 V 
Atom 15 weights: 0.23264477899596028 Ni 0.2686472808893898 Cr 0.252801704990666 Co 0.24590623512398385 V 
Atom 16 weights: 0.19908035703216717 Ni 0.21732242605702523 Cr 0.24939049707339436 Co 0.33420671983741324 V 
HEA binding free energy: 1.3301537515765465 eV, Target: 1.6 eV
Entropy: 21.44094027539892

Iteration 14, eta = 0.8
Atom 1 weights: 0.47378945339555767 Ni 0.18844447839208425 Cr 0.3369205992258237 Co 0.0008454689865342444 V 
Atom 2 weights: 0.3134906273381039 Ni 0.2989925360983721 Cr 0.30322948197352917 Co 0.08428735458999476 V 
Atom 3 weights: 0.3739587174099065 Ni 0.22192457052021686 Cr 0.29370870351250056 Co 0.11040800855737612 V 
Atom 4 weights: 0.2665208380455311 Ni 0.22638918402810132 Cr 0.3010757207331767 Co 0.2060142571931908 V 
Atom 5 weights: 0.2684574826927778 Ni 0.22562632205970565 Cr 0.27422616619239193 Co 0.2316900290551245 V 
Atom 6 weights: 0.30136605846869785 Ni 0.2328168455459533 Cr 0.23875169002962385 Co 0.227065405955725 V 
Atom 7 weights: 0.289228380451674 Ni 0.22229793980665125 Cr 0.25779898151536945 Co 0.23067469822630535 V 
Atom 8 weights: 0.2844310121430007 Ni 0.24391135042356252 Cr 0.23252988365686814 Co 0.23912775377656864 V 
Atom 9 weights: 0.23167248512557076 Ni 0.22583475475122788 Cr 0.20803057087479654 Co 0.3344621892484048 V 
Atom 10 weights: 0.16925321682863195 Ni 0.26267061711961875 Cr 0.15166952809817985 Co 0.41640663795356947 V 
Atom 11 weights: 0.25009716451173747 Ni 0.24746246465028734 Cr 0.18139449310051384 Co 0.3210458777374614 V 
Atom 12 weights: 0.19677399455580152 Ni 0.2615937344333028 Cr 0.1969930070698645 Co 0.34463926394103117 V 
Atom 13 weights: 0.1980945001793507 Ni 0.25732112660593454 Cr 0.2832366194408177 Co 0.26134775377389696 V 
Atom 14 weights: 0.2283575496293012 Ni 0.27651037501651704 Cr 0.2386066132002116 Co 0.25652546215397026 V 
Atom 15 weights: 0.23276053874150962 Ni 0.2686575497072562 Cr 0.25290005032642215 Co 0.24568186122481203 V 
Atom 16 weights: 0.199189549474013 Ni 0.21735083737185135 Cr 0.24947098042682025 Co 0.3339886327273154 V 
HEA binding free energy: 1.3691738758214145 eV, Target: 1.6 eV
Entropy: 21.449728923868996

Iteration 15, eta = 1.6
Atom 1 weights: 0.47378945339555767 Ni 0.18844447839208425 Cr 0.3369205992258237 Co 0.0008454689865342444 V 
Atom 2 weights: 0.3134906273381039 Ni 0.2989925360983721 Cr 0.30322948197352917 Co 0.08428735458999476 V 
Atom 3 weights: 0.3739587174099065 Ni 0.22192457052021686 Cr 0.29370870351250056 Co 0.11040800855737612 V 
Atom 4 weights: 0.2665208380455311 Ni 0.22638918402810132 Cr 0.3010757207331767 Co 0.2060142571931908 V 
Atom 5 weights: 0.2684574826927778 Ni 0.22562632205970565 Cr 0.27422616619239193 Co 0.2316900290551245 V 
Atom 6 weights: 0.30136605846869785 Ni 0.2328168455459533 Cr 0.23875169002962385 Co 0.227065405955725 V 
Atom 7 weights: 0.289228380451674 Ni 0.22229793980665125 Cr 0.25779898151536945 Co 0.23067469822630535 V 
Atom 8 weights: 0.2844310121430007 Ni 0.24391135042356252 Cr 0.23252988365686814 Co 0.23912775377656864 V 
Atom 9 weights: 0.23167248512557076 Ni 0.22583475475122788 Cr 0.20803057087479654 Co 0.3344621892484048 V 
Atom 10 weights: 0.16925321682863195 Ni 0.26267061711961875 Cr 0.15166952809817985 Co 0.41640663795356947 V 
Atom 11 weights: 0.25009716451173747 Ni 0.24746246465028734 Cr 0.18139449310051384 Co 0.3210458777374614 V 
Atom 12 weights: 0.19677399455580152 Ni 0.2615937344333028 Cr 0.1969930070698645 Co 0.34463926394103117 V 
Atom 13 weights: 0.1980945001793507 Ni 0.25732112660593454 Cr 0.2832366194408177 Co 0.26134775377389696 V 
Atom 14 weights: 0.2283575496293012 Ni 0.27651037501651704 Cr 0.2386066132002116 Co 0.25652546215397026 V 
Atom 15 weights: 0.23276053874150962 Ni 0.2686575497072562 Cr 0.25290005032642215 Co 0.24568186122481203 V 
Atom 16 weights: 0.199189549474013 Ni 0.21735083737185135 Cr 0.24947098042682025 Co 0.3339886327273154 V 
HEA binding free energy: 1.3800131022232653 eV, Target: 1.6 eV
Entropy: 21.449728923868996

Iteration 16, eta = 1.6
Atom 1 weights: 0.4834318835491001 Ni 0.1769887291120582 Cr 0.33957938733884174 Co 0.0 V 
Atom 2 weights: 0.316752510822389 Ni 0.3010179012369668 Cr 0.30603194441985615 Co 0.07619764352078807 V 
Atom 3 weights: 0.3791503726306982 Ni 0.22096943750543901 Cr 0.2958252291297607 Co 0.10405496073410203 V 
Atom 4 weights: 0.2653084388390772 Ni 0.22502633002596079 Cr 0.3012703687568206 Co 0.2083948623781415 V 
Atom 5 weights: 0.26814550770366014 Ni 0.2245385200080162 Cr 0.2742070764444759 Co 0.23310889584384784 V 
Atom 6 weights: 0.3018006792572417 Ni 0.23192289343639197 Cr 0.23693739974692876 Co 0.22933902755943747 V 
Atom 7 weights: 0.2891373146351835 Ni 0.22099548203204114 Cr 0.25664122965613834 Co 0.233225973676637 V 
Atom 8 weights: 0.284691961018682 Ni 0.2435270122177204 Cr 0.2309135903534044 Co 0.24086743641019331 V 
Atom 9 weights: 0.23201276784770564 Ni 0.225067737555698 Cr 0.2073868304665036 Co 0.3355326641300928 V 
Atom 10 weights: 0.16576555335973728 Ni 0.2630903669645079 Cr 0.1475594573349165 Co 0.42358462234083843 V 
Atom 11 weights: 0.24924749925891063 Ni 0.24706958308753085 Cr 0.17797913744326468 Co 0.3257037802102939 V 
Atom 12 weights: 0.1937392091363499 Ni 0.2617489026605171 Cr 0.19402511637134603 Co 0.350486771831787 V 
Atom 13 weights: 0.19569276733166618 Ni 0.257542951637572 Cr 0.28409115578564326 Co 0.2626731252451185 V 
Atom 14 weights: 0.2276287080981687 Ni 0.27757913966914494 Cr 0.2382710220465178 Co 0.2565211301861685 V 
Atom 15 weights: 0.23221233813656028 Ni 0.26943792950982837 Cr 0.253119679727984 Co 0.24523005262562736 V 
Atom 16 weights: 0.19666509637151017 Ni 0.21604127275401758 Cr 0.2488982151009787 Co 0.33839541577349347 V 
HEA binding free energy: 1.4359671152069615 eV, Target: 1.6 eV
Entropy: 21.398266130517676

Iteration 17, eta = 1.6
Atom 1 weights: 0.625729122320775 Ni 0.0 Cr 0.374270877679225 Co 0.0 V 
Atom 2 weights: 0.35214835341904605 Ni 0.313907196896655 Cr 0.33394444968429904 Co 0.0 V 
Atom 3 weights: 0.4627593174632897 Ni 0.20580900345453845 Cr 0.3314316790821714 Co 3.885780586188048e-16 V 
Atom 4 weights: 0.24750860021858245 Ni 0.20422708278000873 Cr 0.30521206536644085 Co 0.2430522516349681 V 
Atom 5 weights: 0.27052654779345686 Ni 0.20897728548713834 Cr 0.28061155831775814 Co 0.2398846084016466 V 
Atom 6 weights: 0.31674507437827637 Ni 0.21955272355310493 Cr 0.2164666900305684 Co 0.24723551203805028 V 
Atom 7 weights: 0.29584291972499377 Ni 0.2022553064049407 Cr 0.24624590620995812 Co 0.25565586766010756 V 
Atom 8 weights: 0.2975888528521682 Ni 0.23917986874295852 Cr 0.21409982810266073 Co 0.24913145030221265 V 
Atom 9 weights: 0.23312500911161152 Ni 0.21245245770385743 Cr 0.19358241319640423 Co 0.36084011998812693 V 
Atom 10 weights: 0.10829201458458093 Ni 0.26896263384923 Cr 0.08073457664479974 Co 0.5420107749213894 V 
Atom 11 weights: 0.2380943669722329 Ni 0.24191044356178465 Cr 0.12709896257588224 Co 0.3928962268901002 V 
Atom 12 weights: 0.14676843217858854 Ni 0.26443944049052687 Cr 0.14817096656340983 Co 0.4406211607674748 V 
Atom 13 weights: 0.15090552285433956 Ni 0.2594867641517557 Cr 0.2902730530191903 Co 0.29933465997471437 V 
Atom 14 weights: 0.20783327834115392 Ni 0.29236464292919195 Cr 0.225161517266141 Co 0.2746405614635132 V 
Atom 15 weights: 0.2138200423623032 Ni 0.27948147576350346 Cr 0.24730679573152659 Co 0.25939168614266683 V 
Atom 16 weights: 0.1520174119984636 Ni 0.19471654792382018 Cr 0.2348667144425305 Co 0.4183993256351857 V 
HEA binding free energy: 1.668052107013125 eV, Target: 1.6 eV
Entropy: 20.191386800044402

Iteration 18, eta = 1.6
Atom 1 weights: 0.6360802174969133 Ni 1.1102230246251565e-16 Cr 0.3639197825030865 Co 1.1102230246251565e-16 V 
Atom 2 weights: 0.35342599205416847 Ni 0.31270732301520743 Cr 0.3338666849306241 Co 2.7755575615628914e-17 V 
Atom 3 weights: 0.4722450263693527 Ni 0.19677303560868836 Cr 0.33098193802195885 Co 0.0 V 
Atom 4 weights: 0.24744134979924223 Ni 0.2007164804137845 Cr 0.30953035655378736 Co 0.24231181323318582 V 
Atom 5 weights: 0.2714921799134663 Ni 0.20574820521872922 Cr 0.2823961243812966 Co 0.2403634904865079 V 
Atom 6 weights: 0.3204478086669555 Ni 0.21700019274723945 Cr 0.21263228644834 Co 0.24991971213746506 V 
Atom 7 weights: 0.29785661051782947 Ni 0.19836772664284347 Cr 0.24459445227313814 Co 0.2591812105661889 V 
Atom 8 weights: 0.30036335755091126 Ni 0.23823544926106419 Cr 0.21058208004036694 Co 0.2508191131476577 V 
Atom 9 weights: 0.23322955218903615 Ni 0.2098228219464004 Cr 0.19055886309074996 Co 0.3663887627738135 V 
Atom 10 weights: 0.09685588209389609 Ni 0.27035065743094955 Cr 0.06725863757395997 Co 0.5655348229011945 V 
Atom 11 weights: 0.23617030207393877 Ni 0.2409293864438321 Cr 0.11673910700223339 Co 0.4061612044799958 V 
Atom 12 weights: 0.1381511324795967 Ni 0.26533042299020526 Cr 0.1397023533517702 Co 0.456816091178428 V 
Atom 13 weights: 0.14278416898788163 Ni 0.26010766295280596 Cr 0.2928274661069856 Co 0.3042807019523269 V 
Atom 14 weights: 0.2047122707854135 Ni 0.29563581441528936 Cr 0.22336403960972928 Co 0.2762878751895679 V 
Atom 15 weights: 0.21135199841423863 Ni 0.2818260902106072 Cr 0.24738491641203308 Co 0.25943699496312106 V 
Atom 16 weights: 0.1437296296396647 Ni 0.19036747842044888 Cr 0.232962263884989 Co 0.43294062805489736 V 
HEA binding free energy: 1.6521849321102797 eV, Target: 1.6 eV
Entropy: 20.068351213373752

Iteration 19, eta = 1.6
Atom 1 weights: 0.6942630528905909 Ni 0.0 Cr 0.3057369471094092 Co 0.0 V 
Atom 2 weights: 0.36386862838178785 Ni 0.30020761872384055 Cr 0.3359237528943717 Co 0.0 V 
Atom 3 weights: 0.5283512685091711 Ni 0.1408380694174149 Cr 0.33081066207341264 Co 1.3322676295501878e-15 V 
Atom 4 weights: 0.23913384286391728 Ni 0.1792143067112039 Cr 0.3262333357132845 Co 0.25541851471159427 V 
Atom 5 weights: 0.27431063942299405 Ni 0.18734772985320217 Cr 0.28999049128183685 Co 0.24835113944196688 V 
Atom 6 weights: 0.3395252700072098 Ni 0.2025162196841208 Cr 0.18966174617057094 Co 0.26829676413809844 V 
Atom 7 weights: 0.30763691670797233 Ni 0.17646429757703483 Cr 0.23398133096516308 Co 0.28191745474982977 V 
Atom 8 weights: 0.3147600795950545 Ni 0.2328361648970271 Cr 0.1898596042486518 Co 0.26254415125926667 V 
Atom 9 weights: 0.23296052258799538 Ni 0.19480612231944672 Cr 0.17281786492837015 Co 0.3994154901641879 V 
Atom 10 weights: 0.032915516777237586 Ni 0.2763669083815768 Cr 1.1102230246251565e-16 Co 0.6907175748411856 V 
Atom 11 weights: 0.22437384779711858 Ni 0.2352022558816495 Cr 0.05782385153813614 Co 0.48260004478309565 V 
Atom 12 weights: 0.08717340267151061 Ni 0.2695838386310837 Cr 0.08971444534474145 Co 0.5535283133526642 V 
Atom 13 weights: 0.09494338773868378 Ni 0.26320100681493186 Cr 0.3048936324766917 Co 0.3369619729696927 V 
Atom 14 weights: 0.18715761107793447 Ni 0.3140719479203233 Cr 0.21324013397508004 Co 0.2855303070266623 V 
Atom 15 weights: 0.1975208013770616 Ni 0.29504686502011773 Cr 0.2478077193291464 Co 0.25962461427367417 V 
Atom 16 weights: 0.09392841657206005 Ni 0.1654498164863097 Cr 0.21911395026919242 Co 0.5215078166724378 V 
HEA binding free energy: 1.6974285595900462 eV, Target: 1.6 eV
Entropy: 19.11178399392462

Iteration 20, eta = 1.6
Atom 1 weights: 0.737481625222413 Ni 1.1102230246251565e-16 Cr 0.26251837477758677 Co 1.1102230246251565e-16 V 
Atom 2 weights: 0.3705864215658122 Ni 0.2928023285061879 Cr 0.33661124992799996 Co 0.0 V 
Atom 3 weights: 0.5695083956181503 Ni 0.10069870559540021 Cr 0.3297928987864487 Co 8.881784197001252e-16 V 
Atom 4 weights: 0.23446212919620527 Ni 0.1634666040979678 Cr 0.340360644766112 Co 0.261710621939715 V 
Atom 5 weights: 0.2773759868049315 Ni 0.17371675483726795 Cr 0.2966131239645303 Co 0.2522941343932703 V 
Atom 6 weights: 0.35505996617506014 Ni 0.19180896453492058 Cr 0.1734144199962225 Co 0.27971664929379664 V 
Atom 7 weights: 0.3161646192946621 Ni 0.1601548468261988 Cr 0.22705459850387746 Co 0.2966259353752617 V 
Atom 8 weights: 0.3267674345286702 Ni 0.22905659951363225 Cr 0.1753265224635068 Co 0.2688494434941909 V 
Atom 9 weights: 0.2311910005860756 Ni 0.1831296501036534 Cr 0.15796714615437416 Co 0.42771220315589686 V 
Atom 10 weights: 5.551115123125783e-17 Ni 0.24738456971235956 Cr 5.551115123125783e-17 Co 0.7526154302876404 V 
Atom 11 weights: 0.21737454708235907 Ni 0.23137231766501373 Cr 0.015194059857923652 Co 0.5360590753947037 V 
Atom 12 weights: 0.049330898029439456 Ni 0.27294317772086407 Cr 0.05258383081147861 Co 0.6251420934382179 V 
Atom 13 weights: 0.06077023790862774 Ni 0.26590587530189486 Cr 0.31575058085868063 Co 0.35757330593079684 V 
Atom 14 weights: 0.17410250738428298 Ni 0.32800106100414167 Cr 0.20577360232657413 Co 0.2921228292850013 V 
Atom 15 weights: 0.1876361706769681 Ni 0.3051112282299973 Cr 0.2486297932678753 Co 0.2586228078251593 V 
Atom 16 weights: 0.05901492097174686 Ni 0.14720906248360643 Cr 0.21113851897731784 Co 0.582637497567329 V 
HEA binding free energy: 1.7496901967400742 eV, Target: 1.6 eV
Entropy: 18.325764808611872

Iteration 21, eta = 1.6
Atom 1 weights: 0.7990762360225236 Ni 3.3306690738754696e-16 Cr 0.20092376397747572 Co 3.3306690738754696e-16 V 
Atom 2 weights: 0.38058814130640944 Ni 0.28155249597081344 Cr 0.3378593627227771 Co 5.551115123125783e-17 V 
Atom 3 weights: 0.6295135076423266 Ni 0.04149563437537042 Cr 0.32899085798230143 Co 1.5265566588595902e-15 V 
Atom 4 weights: 0.22803692542465495 Ni 0.1408700082096302 Cr 0.36094981945349436 Co 0.2701432469122206 V 
Atom 5 weights: 0.28129920525443003 Ni 0.15388977219300654 Cr 0.30565082349264927 Co 0.2591601990599143 V 
Atom 6 weights: 0.3768744923817857 Ni 0.17624574431415124 Cr 0.14953187856962197 Co 0.29734788473444107 V 
Atom 7 weights: 0.32795225853277493 Ni 0.13654327446916883 Cr 0.2166249969001284 Co 0.3188794700979277 V 
Atom 8 weights: 0.3427835708675165 Ni 0.22323807550052446 Cr 0.15321878902512695 Co 0.2807595646068321 V 
Atom 9 weights: 0.23054779698361616 Ni 0.16689120518049724 Cr 0.13844333251721913 Co 0.4641176653186675 V 
Atom 10 weights: 5.551115123125783e-17 Ni 0.1830993097597746 Cr 5.551115123125783e-17 Co 0.8169006902402254 V 
Atom 11 weights: 0.190731096690474 Ni 0.21001665715145618 Cr 8.326672684688674e-17 Co 0.5992522461580697 V 
Atom 12 weights: 0.0 Ni 0.2760237224816058 Cr 0.0 Co 0.7239762775183943 V 
Atom 13 weights: 0.010964677627224702 Ni 0.2696496315386405 Cr 0.33076818573948474 Co 0.38861750509464993 V 
Atom 14 weights: 0.15512283950880246 Ni 0.3479255707174323 Cr 0.19484015889401324 Co 0.30211143087975206 V 
Atom 15 weights: 0.1731690734577513 Ni 0.31949797080318776 Cr 0.2495762024256451 Co 0.25775675331341596 V 
Atom 16 weights: 0.007697589240306668 Ni 0.12070060569808988 Cr 0.19862951710207236 Co 0.6729722879595312 V 
HEA binding free energy: 1.7886089173954867 eV, Target: 1.6 eV
Entropy: 17.071257179995833

Iteration 22, eta = 1.6
Atom 1 weights: 0.842454587523658 Ni 0.0 Cr 0.1575454124763421 Co 0.0 V 
Atom 2 weights: 0.3890413269197006 Ni 0.27121159967373754 Cr 0.33974707340655874 Co 3.247402347028583e-15 V 
Atom 3 weights: 0.672099233129098 Ni 0.0 Cr 0.327900766870902 Co 0.0 V 
Atom 4 weights: 0.22829705762461522 Ni 0.12547484725492739 Cr 0.38016322595184626 Co 0.26606486916861105 V 
Atom 5 weights: 0.2836001316297598 Ni 0.1395157126409598 Cr 0.31158978574933044 Co 0.26529436997995 V 
Atom 6 weights: 0.3915127467448302 Ni 0.16486367457616435 Cr 0.13154986671049398 Co 0.31207371196851147 V 
Atom 7 weights: 0.3358757534096679 Ni 0.11951703387419829 Cr 0.20866995409414926 Co 0.33593725862198454 V 
Atom 8 weights: 0.3525743972635808 Ni 0.21862724184616464 Cr 0.13584189728990742 Co 0.2929564636003471 V 
Atom 9 weights: 0.22932332825063226 Ni 0.15526694130298613 Cr 0.1238274558328333 Co 0.4915822746135483 V 
Atom 10 weights: 5.551115123125783e-17 Ni 0.13639076485315996 Cr 5.551115123125783e-17 Co 0.86360923514684 V 
Atom 11 weights: 0.16641642890597866 Ni 0.19054669417432385 Cr 2.7755575615628914e-17 Co 0.6430368769196975 V 
Atom 12 weights: 5.551115123125783e-17 Ni 0.242692829655994 Cr 5.551115123125783e-17 Co 0.757307170344006 V 
Atom 13 weights: 2.7755575615628914e-17 Ni 0.26310817350156446 Cr 0.3309630245163432 Co 0.40592880198209236 V 
Atom 14 weights: 0.14080906541572114 Ni 0.3620290054227285 Cr 0.18633608328188875 Co 0.31082584587966167 V 
Atom 15 weights: 0.16284312711926124 Ni 0.3297884889201962 Cr 0.25026791205713744 Co 0.2571004719034051 V 
