   Eewald =     5185.6150208876224497
       EH =     6960.3580340249127403
     Eloc =   -14296.3199585251713870
      Enl =     -488.3831270201766301
   Epulay =       -0.0004878833219591
      Exc =     -242.2420233973842016
       KE =      908.2952365316629084
        U =        1.4377095348705475
-------------------------------------
     Etot =    -1971.2395958469869583
       TS =        0.0012838347184129
-------------------------------------
        F =    -1971.2408796817053371
