   Eewald =     4127.8292300106559196
       EH =     5390.4095454667158265
     Eloc =   -11184.2828059570165351
      Enl =     -216.9081193386570021
   Epulay =       -0.0003062098084384
      Exc =     -198.3793933363735960
       KE =      670.7973096932324779
        U =        0.9675132146094721
-------------------------------------
     Etot =    -1409.5670264566419974
       TS =        0.0015096197017719
-------------------------------------
        F =    -1409.5685360763436620
