   Eewald =     7398.6711365774381193
       EH =     9874.6429819141321786
     Eloc =   -20087.4739992047288979
      Enl =     -852.0382261020238275
   Epulay =        0.0007326944676329
      Exc =     -301.7504866685698062
       KE =     1229.8585007354838581
        U =        2.2162581288484091
-------------------------------------
     Etot =    -2735.8731019249535166
       TS =        0.0006029795128598
-------------------------------------
        F =    -2735.8737049044661944
