   Eewald =     5170.6542439443355761
       EH =     6964.4223772921941418
     Eloc =   -14290.6886556278041098
      Enl =     -514.5349031434723202
   Epulay =       -0.0004807980462104
      Exc =     -244.8434249355324255
       KE =      921.2808830070882777
        U =        1.0480003939014912
-------------------------------------
     Etot =    -1992.6619598673348719
       TS =        0.0006752697188992
-------------------------------------
        F =    -1992.6626351370537122
