   Eewald =     5716.4821806849258792
       EH =     7526.3927063998416997
     Eloc =   -15403.6419331248471281
      Enl =     -525.9125835115371501
   Epulay =       -0.0004802615331704
      Exc =     -246.1642494192433333
       KE =      926.4960583872006055
        U =        1.0325537264576228
-------------------------------------
     Etot =    -2005.3157471187359988
       TS =        0.0009744649361401
-------------------------------------
        F =    -2005.3167215836722335
