   Eewald =     5169.2822142342047300
       EH =     6947.2159911713142719
     Eloc =   -14267.6636069704964029
      Enl =     -488.6429948185188437
   Epulay =       -0.0004881597488533
      Exc =     -242.6612241219038992
       KE =      909.1353941152200377
        U =        1.4389328836704860
-------------------------------------
     Etot =    -1971.8957816662591540
       TS =        0.0007327647521151
-------------------------------------
        F =    -1971.8965144310111555
