   Eewald =     5680.7770556899986332
       EH =     7497.2856624434234618
     Eloc =   -15351.9092094357529277
      Enl =     -521.0234683504302211
   Epulay =       -0.0004829005249220
      Exc =     -246.3163537940486947
       KE =      928.8908886433390535
        U =        1.1335759138589190
-------------------------------------
     Etot =    -2011.1623317901364771
       TS =        0.0012829615204615
-------------------------------------
        F =    -2011.1636147516569508
