   Eewald =     5090.1052318999072668
       EH =     6959.2953612161909405
     Eloc =   -14268.4903146645247034
      Enl =     -554.8222192732168878
   Epulay =       -0.0004863088831595
      Exc =     -250.9318251329712552
       KE =      949.1493919068220748
        U =        1.4155100862809979
-------------------------------------
     Etot =    -2074.2793502703957529
       TS =        0.0004544544062855
-------------------------------------
        F =    -2074.2798047248020339
