   Eewald =     4909.7201021976252377
       EH =     6617.3479444413442252
     Eloc =   -13597.6327490472613135
      Enl =     -464.6068919377646580
   Epulay =       -0.0004828466650297
      Exc =     -236.7474770148203049
       KE =      875.6166510550245903
        U =        1.2469304803642878
-------------------------------------
     Etot =    -1895.0559726721528477
       TS =        0.0010555924482233
-------------------------------------
        F =    -1895.0570282646010583
