   Eewald =     7280.8327453942029024
       EH =     9762.5623087992044020
     Eloc =   -19858.8453768722574750
      Enl =     -856.1095568715727495
   Epulay =        0.0007326944676329
      Exc =     -302.3553724809582945
       KE =     1235.8962239465031416
-------------------------------------
     Etot =    -2738.0182953904109127
       TS =        0.0056687543222048
-------------------------------------
        F =    -2738.0239641447333270
