Initilizing minimization for species Ni Cr Co V 

Target: 1.6 eV
Performing first surface calculations...
Surface calculations successfully finished.
Initial entropy parameter eta set to 0.05
_____________________________________________________________________
Beginning minimzation


Iteration 1, eta = 0.05
Atom 1 weights: 0.2422448854302339 Ni 0.26320823190165266 Cr 0.27297027006298386 Co 0.22157661260512965 V 
Atom 2 weights: 0.22202001099582888 Ni 0.2551975698007019 Cr 0.2437656733081548 Co 0.2790167458953144 V 
Atom 3 weights: 0.2716641654973573 Ni 0.24088540192676727 Cr 0.22920632367314267 Co 0.2582441089027327 V 
Atom 4 weights: 0.2607073221749331 Ni 0.22225416981733073 Cr 0.2522917268212945 Co 0.2647467811864418 V 
Atom 5 weights: 0.20899827752840514 Ni 0.27696492573286496 Cr 0.23565612420344711 Co 0.2783806725352827 V 
Atom 6 weights: 0.24251770574214732 Ni 0.2145567216272116 Cr 0.2575410116244704 Co 0.28538456100617077 V 
Atom 7 weights: 0.27546703833830033 Ni 0.2077354818371908 Cr 0.2747720602263856 Co 0.2420254195981233 V 
Atom 8 weights: 0.22732372705647239 Ni 0.2603407174903345 Cr 0.2503188425292899 Co 0.26201671292390327 V 
Atom 9 weights: 0.269068746483926 Ni 0.2379084853319719 Cr 0.2259198260640122 Co 0.26710294212009006 V 
Atom 10 weights: 0.27691832442894104 Ni 0.23462191649268083 Cr 0.2707091000034178 Co 0.2177506590749603 V 
Atom 11 weights: 0.2538297792178764 Ni 0.2862041880503652 Cr 0.2295175873087196 Co 0.23044844542303894 V 
Atom 12 weights: 0.22459901621516967 Ni 0.2350866311450973 Cr 0.30409196214451956 Co 0.23622239049521354 V 
Atom 13 weights: 0.25408780892829064 Ni 0.22408518270215413 Cr 0.27328284972448197 Co 0.2485441586450732 V 
Atom 14 weights: 0.22707864789646587 Ni 0.23286177705904587 Cr 0.2662159292623332 Co 0.27384364578215503 V 
Atom 15 weights: 0.2778881278306885 Ni 0.28085863612299883 Cr 0.22254041584511522 Co 0.21871282020119737 V 
Atom 16 weights: 0.25834302118056046 Ni 0.2751925947834661 Cr 0.22016028289286724 Co 0.24630410114310633 V 
HEA binding free energy: 0.5980944402561446 eV, Target: 1.6 eV
Entropy: 22.11419076734488

Iteration 2, eta = 0.05
Atom 1 weights: 0.24219998414799004 Ni 0.26086129231815985 Cr 0.2719960946280365 Co 0.22494262890581374 V 
Atom 2 weights: 0.22409604689605397 Ni 0.255570216808327 Cr 0.2456691593546808 Co 0.2746645769409382 V 
Atom 3 weights: 0.2741187032530451 Ni 0.24128488074403381 Cr 0.2314394077605061 Co 0.25315700824241505 V 
Atom 4 weights: 0.2615023722268482 Ni 0.22236228779203565 Cr 0.25301137742443114 Co 0.2631239625566851 V 
Atom 5 weights: 0.2116446336993009 Ni 0.27755112762332834 Cr 0.23814013156194297 Co 0.2726641071154279 V 
Atom 6 weights: 0.2452802367302398 Ni 0.2151001461536281 Cr 0.26013276585331246 Co 0.2794868512628197 V 
Atom 7 weights: 0.2778337984177655 Ni 0.20814991240636802 Cr 0.27698087617006995 Co 0.23703541300579659 V 
Atom 8 weights: 0.22961308605556627 Ni 0.26079133964669765 Cr 0.25245972205035505 Co 0.257135852247381 V 
Atom 9 weights: 0.2701706295347651 Ni 0.23820262688079183 Cr 0.2269680882109713 Co 0.26465865537347183 V 
Atom 10 weights: 0.27735509790283863 Ni 0.2347465174245991 Cr 0.2711355103957149 Co 0.21676287427684757 V 
Atom 11 weights: 0.25495965786049996 Ni 0.2865306389893773 Cr 0.23059398242477022 Co 0.22791572072535252 V 
Atom 12 weights: 0.22676197715819044 Ni 0.23557624982042435 Cr 0.30614887898457915 Co 0.23151289403680594 V 
Atom 13 weights: 0.24929909263940403 Ni 0.2232138990163799 Cr 0.2688447717920114 Co 0.2586422365522048 V 
Atom 14 weights: 0.2225701783341714 Ni 0.2320402410584212 Cr 0.26204582423654643 Co 0.28334375637086107 V 
Atom 15 weights: 0.27438780416054576 Ni 0.28019651770567255 Cr 0.21928901167632156 Co 0.2261266664574602 V 
Atom 16 weights: 0.25439462668179996 Ni 0.27441618650632227 Cr 0.2164890385909138 Co 0.25470014822096404 V 
HEA binding free energy: 0.6059094578598881 eV, Target: 1.6 eV
Entropy: 22.11593271566931

Iteration 3, eta = 0.1
Atom 1 weights: 0.24219998414799004 Ni 0.26086129231815985 Cr 0.2719960946280365 Co 0.22494262890581374 V 
Atom 2 weights: 0.22409604689605397 Ni 0.255570216808327 Cr 0.2456691593546808 Co 0.2746645769409382 V 
Atom 3 weights: 0.2741187032530451 Ni 0.24128488074403381 Cr 0.2314394077605061 Co 0.25315700824241505 V 
Atom 4 weights: 0.2615023722268482 Ni 0.22236228779203565 Cr 0.25301137742443114 Co 0.2631239625566851 V 
Atom 5 weights: 0.2116446336993009 Ni 0.27755112762332834 Cr 0.23814013156194297 Co 0.2726641071154279 V 
Atom 6 weights: 0.2452802367302398 Ni 0.2151001461536281 Cr 0.26013276585331246 Co 0.2794868512628197 V 
Atom 7 weights: 0.2778337984177655 Ni 0.20814991240636802 Cr 0.27698087617006995 Co 0.23703541300579659 V 
Atom 8 weights: 0.22961308605556627 Ni 0.26079133964669765 Cr 0.25245972205035505 Co 0.257135852247381 V 
Atom 9 weights: 0.2701706295347651 Ni 0.23820262688079183 Cr 0.2269680882109713 Co 0.26465865537347183 V 
Atom 10 weights: 0.27735509790283863 Ni 0.2347465174245991 Cr 0.2711355103957149 Co 0.21676287427684757 V 
Atom 11 weights: 0.25495965786049996 Ni 0.2865306389893773 Cr 0.23059398242477022 Co 0.22791572072535252 V 
Atom 12 weights: 0.22676197715819044 Ni 0.23557624982042435 Cr 0.30614887898457915 Co 0.23151289403680594 V 
Atom 13 weights: 0.24929909263940403 Ni 0.2232138990163799 Cr 0.2688447717920114 Co 0.2586422365522048 V 
Atom 14 weights: 0.2225701783341714 Ni 0.2320402410584212 Cr 0.26204582423654643 Co 0.28334375637086107 V 
Atom 15 weights: 0.27438780416054576 Ni 0.28019651770567255 Cr 0.21928901167632156 Co 0.2261266664574602 V 
Atom 16 weights: 0.25439462668179996 Ni 0.27441618650632227 Cr 0.2164890385909138 Co 0.25470014822096404 V 
HEA binding free energy: 0.6946599962124956 eV, Target: 1.6 eV
Entropy: 22.11593271566931

Iteration 4, eta = 0.2
Atom 1 weights: 0.24219998414799004 Ni 0.26086129231815985 Cr 0.2719960946280365 Co 0.22494262890581374 V 
Atom 2 weights: 0.22409604689605397 Ni 0.255570216808327 Cr 0.2456691593546808 Co 0.2746645769409382 V 
Atom 3 weights: 0.2741187032530451 Ni 0.24128488074403381 Cr 0.2314394077605061 Co 0.25315700824241505 V 
Atom 4 weights: 0.2615023722268482 Ni 0.22236228779203565 Cr 0.25301137742443114 Co 0.2631239625566851 V 
Atom 5 weights: 0.2116446336993009 Ni 0.27755112762332834 Cr 0.23814013156194297 Co 0.2726641071154279 V 
Atom 6 weights: 0.2452802367302398 Ni 0.2151001461536281 Cr 0.26013276585331246 Co 0.2794868512628197 V 
Atom 7 weights: 0.2778337984177655 Ni 0.20814991240636802 Cr 0.27698087617006995 Co 0.23703541300579659 V 
Atom 8 weights: 0.22961308605556627 Ni 0.26079133964669765 Cr 0.25245972205035505 Co 0.257135852247381 V 
Atom 9 weights: 0.2701706295347651 Ni 0.23820262688079183 Cr 0.2269680882109713 Co 0.26465865537347183 V 
Atom 10 weights: 0.27735509790283863 Ni 0.2347465174245991 Cr 0.2711355103957149 Co 0.21676287427684757 V 
Atom 11 weights: 0.25495965786049996 Ni 0.2865306389893773 Cr 0.23059398242477022 Co 0.22791572072535252 V 
Atom 12 weights: 0.22676197715819044 Ni 0.23557624982042435 Cr 0.30614887898457915 Co 0.23151289403680594 V 
Atom 13 weights: 0.24929909263940403 Ni 0.2232138990163799 Cr 0.2688447717920114 Co 0.2586422365522048 V 
Atom 14 weights: 0.2225701783341714 Ni 0.2320402410584212 Cr 0.26204582423654643 Co 0.28334375637086107 V 
Atom 15 weights: 0.27438780416054576 Ni 0.28019651770567255 Cr 0.21928901167632156 Co 0.2261266664574602 V 
Atom 16 weights: 0.25439462668179996 Ni 0.27441618650632227 Cr 0.2164890385909138 Co 0.25470014822096404 V 
HEA binding free energy: 0.5756860565316386 eV, Target: 1.6 eV
Entropy: 22.11593271566931

Iteration 5, eta = 0.2
Atom 1 weights: 0.2422892408916256 Ni 0.25952721021988134 Cr 0.27154358857286554 Co 0.2266399603156275 V 
Atom 2 weights: 0.2207813661291637 Ni 0.2549810653157604 Cr 0.24262237034639 Co 0.2816151982086859 V 
Atom 3 weights: 0.2708614874753895 Ni 0.2407066225105367 Cr 0.2284124559752707 Co 0.2600194340388031 V 
Atom 4 weights: 0.2584767458518102 Ni 0.22183955223170257 Cr 0.2502152085661797 Co 0.26946849335030765 V 
Atom 5 weights: 0.20946678989979847 Ni 0.2771435580557404 Cr 0.2361341426137268 Co 0.27725550943073424 V 
Atom 6 weights: 0.24339635929413364 Ni 0.21477242662400647 Cr 0.2583994272485931 Co 0.2834317868332668 V 
Atom 7 weights: 0.27624951014739735 Ni 0.20786089556739293 Cr 0.2755150014645555 Co 0.24037459282065413 V 
Atom 8 weights: 0.22760678458798694 Ni 0.2604161551190016 Cr 0.2506102989977872 Co 0.2613667612952243 V 
Atom 9 weights: 0.27064296397008153 Ni 0.23826494307978968 Cr 0.22737588887842475 Co 0.263716204071704 V 
Atom 10 weights: 0.27796591675755244 Ni 0.2348214023549988 Cr 0.2716957407361128 Co 0.21551694015133593 V 
Atom 11 weights: 0.2556631952532131 Ni 0.28666524425381396 Cr 0.2312293047555199 Co 0.22644225573745305 V 
Atom 12 weights: 0.22703850235433956 Ni 0.23561691247405112 Cr 0.3064379834661244 Co 0.23090660170548488 V 
Atom 13 weights: 0.25348504043508313 Ni 0.22391325529802622 Cr 0.2727186499033272 Co 0.24988305436356345 V 
Atom 14 weights: 0.2267284821411242 Ni 0.23274917465870285 Cr 0.2658999688512069 Co 0.27462237434896597 V 
Atom 15 weights: 0.27864863624990693 Ni 0.28099193671861666 Cr 0.22319346305009852 Co 0.2171659639813779 V 
Atom 16 weights: 0.2586014223593591 Ni 0.2751973154394443 Cr 0.22035038577969318 Co 0.24585087642150347 V 
HEA binding free energy: 0.5802676822445758 eV, Target: 1.6 eV
Entropy: 22.11317704973632

Iteration 6, eta = 0.4
Atom 1 weights: 0.2422892408916256 Ni 0.25952721021988134 Cr 0.27154358857286554 Co 0.2266399603156275 V 
Atom 2 weights: 0.2207813661291637 Ni 0.2549810653157604 Cr 0.24262237034639 Co 0.2816151982086859 V 
Atom 3 weights: 0.2708614874753895 Ni 0.2407066225105367 Cr 0.2284124559752707 Co 0.2600194340388031 V 
Atom 4 weights: 0.2584767458518102 Ni 0.22183955223170257 Cr 0.2502152085661797 Co 0.26946849335030765 V 
Atom 5 weights: 0.20946678989979847 Ni 0.2771435580557404 Cr 0.2361341426137268 Co 0.27725550943073424 V 
Atom 6 weights: 0.24339635929413364 Ni 0.21477242662400647 Cr 0.2583994272485931 Co 0.2834317868332668 V 
Atom 7 weights: 0.27624951014739735 Ni 0.20786089556739293 Cr 0.2755150014645555 Co 0.24037459282065413 V 
Atom 8 weights: 0.22760678458798694 Ni 0.2604161551190016 Cr 0.2506102989977872 Co 0.2613667612952243 V 
Atom 9 weights: 0.27064296397008153 Ni 0.23826494307978968 Cr 0.22737588887842475 Co 0.263716204071704 V 
Atom 10 weights: 0.27796591675755244 Ni 0.2348214023549988 Cr 0.2716957407361128 Co 0.21551694015133593 V 
Atom 11 weights: 0.2556631952532131 Ni 0.28666524425381396 Cr 0.2312293047555199 Co 0.22644225573745305 V 
Atom 12 weights: 0.22703850235433956 Ni 0.23561691247405112 Cr 0.3064379834661244 Co 0.23090660170548488 V 
Atom 13 weights: 0.25348504043508313 Ni 0.22391325529802622 Cr 0.2727186499033272 Co 0.24988305436356345 V 
Atom 14 weights: 0.2267284821411242 Ni 0.23274917465870285 Cr 0.2658999688512069 Co 0.27462237434896597 V 
Atom 15 weights: 0.27864863624990693 Ni 0.28099193671861666 Cr 0.22319346305009852 Co 0.2171659639813779 V 
Atom 16 weights: 0.2586014223593591 Ni 0.2751973154394443 Cr 0.22035038577969318 Co 0.24585087642150347 V 
HEA binding free energy: 0.60894140942592 eV, Target: 1.6 eV
Entropy: 22.11317704973632

Iteration 7, eta = 0.4
Atom 1 weights: 0.24979122846522014 Ni 0.25674241670098774 Cr 0.2768913260153593 Co 0.2165750288184329 V 
Atom 2 weights: 0.21897347429653588 Ni 0.2545531438908243 Cr 0.24097313371581552 Co 0.2855002480968243 V 
Atom 3 weights: 0.2676368828132888 Ni 0.2399295069969176 Cr 0.22524634847734804 Co 0.26718726171244567 V 
Atom 4 weights: 0.2616184454307252 Ni 0.22231533678843388 Cr 0.25311142254140484 Co 0.2629547952394361 V 
Atom 5 weights: 0.21022823468873839 Ni 0.27748216001235904 Cr 0.23694026478664582 Co 0.2753493405122568 V 
Atom 6 weights: 0.2438017550628906 Ni 0.21476532780168273 Cr 0.2588368042195359 Co 0.2825961129158908 V 
Atom 7 weights: 0.2781893973744697 Ni 0.2080771711437109 Cr 0.27733957181454827 Co 0.23639385966727125 V 
Atom 8 weights: 0.22950943247988687 Ni 0.2609075953690425 Cr 0.2524698092830072 Co 0.2571131628680635 V 
Atom 9 weights: 0.2718851303399303 Ni 0.23855133500104955 Cr 0.2284274482660161 Co 0.2611360863930041 V 
Atom 10 weights: 0.2785281567270652 Ni 0.2349772616555769 Cr 0.27223871778477493 Co 0.214255863832583 V 
Atom 11 weights: 0.25643193814420473 Ni 0.28711284082921995 Cr 0.23192452589383927 Co 0.22453069513273602 V 
Atom 12 weights: 0.22673063406146848 Ni 0.23557481846722347 Cr 0.30640889513950087 Co 0.23128565233180723 V 
Atom 13 weights: 0.251764920780423 Ni 0.22352390437963388 Cr 0.2711884247165351 Co 0.25352275012340814 V 
Atom 14 weights: 0.2233980243030285 Ni 0.2320992683997335 Cr 0.262935668496986 Co 0.281567038800252 V 
Atom 15 weights: 0.2769892404141895 Ni 0.2807526089975565 Cr 0.22149667258827216 Co 0.22076147799998183 V 
Atom 16 weights: 0.25635090118530435 Ni 0.27482487141758477 Cr 0.21814946043226646 Co 0.2506747669648444 V 
HEA binding free energy: 0.6406154106892453 eV, Target: 1.6 eV
Entropy: 22.110006526536708

Iteration 8, eta = 0.4
Atom 1 weights: 0.2657725315479945 Ni 0.24581619070023536 Cr 0.28636839484858345 Co 0.20204288290318662 V 
Atom 2 weights: 0.20716748678731356 Ni 0.25211438096238686 Cr 0.23014321581493385 Co 0.31057491643536583 V 
Atom 3 weights: 0.25226716148908734 Ni 0.23655386372772655 Cr 0.21041816765640087 Co 0.3007608071267853 V 
Atom 4 weights: 0.26434249255199593 Ni 0.22250860389659222 Cr 0.2555888899985338 Co 0.25756001355287805 V 
Atom 5 weights: 0.21297259035371907 Ni 0.278746589094644 Cr 0.23984883575341662 Co 0.2684319847982204 V 
Atom 6 weights: 0.24454934356612112 Ni 0.21474748250263564 Cr 0.2597655819457289 Co 0.2809375919855144 V 
Atom 7 weights: 0.28347119710874685 Ni 0.20868087032825056 Cr 0.2823437359109633 Co 0.22550419665203944 V 
Atom 8 weights: 0.2353850362403176 Ni 0.2625364619930744 Cr 0.25826184510984684 Co 0.2438166566567613 V 
Atom 9 weights: 0.2800756083477166 Ni 0.24021649728229225 Cr 0.23567951515594665 Co 0.24402837921404455 V 
Atom 10 weights: 0.2827963451039514 Ni 0.23587745521403225 Cr 0.2762511513516427 Co 0.2050750483303737 V 
Atom 11 weights: 0.26129149844964117 Ni 0.2890306483199861 Cr 0.23635179551590296 Co 0.21332605771446975 V 
Atom 12 weights: 0.23064919996241545 Ni 0.23631165774926058 Cr 0.3109155430340344 Co 0.22212359925428968 V 
Atom 13 weights: 0.2505911812336421 Ni 0.22294468832295036 Cr 0.2702842994906819 Co 0.25617983095272556 V 
Atom 14 weights: 0.21728142936443762 Ni 0.2307388168240742 Cr 0.2576434991815594 Co 0.2943362546299287 V 
Atom 15 weights: 0.2761066366299313 Ni 0.28076737255541595 Cr 0.2201037558879017 Co 0.22302223492675105 V 
Atom 16 weights: 0.25353993349919657 Ni 0.2744108791409444 Cr 0.21512230890227726 Co 0.2569268784575818 V 
HEA binding free energy: 0.6365989904594017 eV, Target: 1.6 eV
Entropy: 22.08438966538915

Iteration 9, eta = 0.4
Atom 1 weights: 0.29718564052663304 Ni 0.22807297396308224 Cr 0.3063871885307134 Co 0.16835419697957127 V 
Atom 2 weights: 0.1897479529553101 Ni 0.24850187172305535 Cr 0.21420619774362581 Co 0.3475439775780087 V 
Atom 3 weights: 0.22866964546257518 Ni 0.23142388623096832 Cr 0.18763722370349423 Co 0.3522692446029622 V 
Atom 4 weights: 0.26866482807103487 Ni 0.22269705518959998 Cr 0.2594542380299546 Co 0.24918387870941053 V 
Atom 5 weights: 0.21241873658521915 Ni 0.27951509566042354 Cr 0.23984010690714352 Co 0.26822606084721395 V 
Atom 6 weights: 0.24294377184461666 Ni 0.21397312387238515 Cr 0.2586018864656541 Co 0.28448121781734415 V 
Atom 7 weights: 0.2883278909343294 Ni 0.20882593979058567 Cr 0.2869619859860399 Co 0.21588418328904507 V 
Atom 8 weights: 0.23951601470706807 Ni 0.2638771209390445 Cr 0.26256946543069487 Co 0.23403739892319247 V 
Atom 9 weights: 0.28899054156535176 Ni 0.24198274690918242 Cr 0.24331685473861245 Co 0.22570985678685343 V 
Atom 10 weights: 0.2885207084599716 Ni 0.23698013265957454 Cr 0.2816057792711792 Co 0.19289337960927483 V 
Atom 11 weights: 0.26859236874295145 Ni 0.2917522633982666 Cr 0.24289522656582788 Co 0.19676014129295402 V 
Atom 12 weights: 0.23247862320472873 Ni 0.2366143236118292 Cr 0.31402314367826095 Co 0.2168839095051812 V 
Atom 13 weights: 0.25235739669257073 Ni 0.22274316324182072 Cr 0.272255634699325 Co 0.2526438053662836 V 
Atom 14 weights: 0.21238043481368618 Ni 0.22958006417678004 Cr 0.2537669542741557 Co 0.30427254673537807 V 
Atom 15 weights: 0.27803322292958316 Ni 0.2815579842783009 Cr 0.22095843396706907 Co 0.21945035882504693 V 
Atom 16 weights: 0.25333099955130606 Ni 0.2746968006269425 Cr 0.21424936673757775 Co 0.25772283308417354 V 
HEA binding free energy: 0.7605926584228717 eV, Target: 1.6 eV
Entropy: 22.011565089969576

Iteration 10, eta = 0.4
Atom 1 weights: 0.29565330982883875 Ni 0.2272567733561468 Cr 0.3047810673231103 Co 0.1723088494919042 V 
Atom 2 weights: 0.19233984453286995 Ni 0.2489574664560769 Cr 0.21659380818393684 Co 0.3421088808271163 V 
Atom 3 weights: 0.2330484374794497 Ni 0.23217959976959576 Cr 0.19163671814784008 Co 0.3431352446031144 V 
Atom 4 weights: 0.2673267453784056 Ni 0.2223695976170841 Cr 0.2581872828748156 Co 0.25211637412969456 V 
Atom 5 weights: 0.21377862744576462 Ni 0.2798039611159316 Cr 0.2411150838206188 Co 0.2653023276176849 V 
Atom 6 weights: 0.24428135336502282 Ni 0.2142496304109024 Cr 0.25987128778575563 Co 0.2815977284383192 V 
Atom 7 weights: 0.288733817901562 Ni 0.2089135199443972 Cr 0.2873493489977769 Co 0.21500331315626395 V 
Atom 8 weights: 0.2401896331678614 Ni 0.2640045378365539 Cr 0.2632031094183326 Co 0.2326027195772521 V 
Atom 9 weights: 0.2883123480565966 Ni 0.2418119457090996 Cr 0.24264655219022885 Co 0.2272291540440749 V 
Atom 10 weights: 0.28792133622454164 Ni 0.23682833324861488 Cr 0.2810407913789059 Co 0.19420953914793757 V 
Atom 11 weights: 0.2677750519456323 Ni 0.2915715900858776 Cr 0.24210643939320786 Co 0.19854691857528228 V 
Atom 12 weights: 0.2327321620419968 Ni 0.23664936577675438 Cr 0.3143172647661363 Co 0.21630120741511244 V 
Atom 13 weights: 0.2512585046949018 Ni 0.22253033518185122 Cr 0.2712536213221536 Co 0.25495753880109334 V 
Atom 14 weights: 0.21190734317797935 Ni 0.2294792216320641 Cr 0.2533568203040675 Co 0.30525661488588907 V 
Atom 15 weights: 0.27707224210233733 Ni 0.281384858747301 Cr 0.2200255442404819 Co 0.22151735490987975 V 
Atom 16 weights: 0.25231647758647935 Ni 0.27452582904133677 Cr 0.21328620041287308 Co 0.25987149295931083 V 
HEA binding free energy: 0.7863646596525612 eV, Target: 1.6 eV
Entropy: 22.022360749594668

Iteration 11, eta = 0.4
Atom 1 weights: 0.31372634147634954 Ni 0.21246981607309437 Cr 0.31457429676594145 Co 0.15922954568461462 V 
Atom 2 weights: 0.18573696696216468 Ni 0.24738562729117688 Cr 0.21058784621282287 Co 0.3562895595338356 V 
Atom 3 weights: 0.22693630676345405 Ni 0.23034107912762364 Cr 0.18515196530130273 Co 0.3575706488076196 V 
Atom 4 weights: 0.26808035570854943 Ni 0.22186510947257368 Cr 0.2587169797319091 Co 0.2513375550869679 V 
Atom 5 weights: 0.21743743520612852 Ni 0.28124466233591205 Cr 0.24492603787290423 Co 0.25639186458505514 V 
Atom 6 weights: 0.2474576804701723 Ni 0.21457810422154336 Cr 0.2631405387083202 Co 0.27482367659996404 V 
Atom 7 weights: 0.29372972427558375 Ni 0.20929330824501907 Cr 0.29209292069660564 Co 0.20488404678279146 V 
Atom 8 weights: 0.24531514323016132 Ni 0.26538985315571 Cr 0.2683359473927951 Co 0.2209590562213336 V 
Atom 9 weights: 0.29455790045519575 Ni 0.24296052258662207 Cr 0.24788200148364312 Co 0.21459957547453917 V 
Atom 10 weights: 0.2925041431949207 Ni 0.23767088216265395 Cr 0.28532479780155995 Co 0.18450017684086537 V 
Atom 11 weights: 0.2724937190383887 Ni 0.2934681772984874 Cr 0.24626263951773944 Co 0.18777546414538449 V 
Atom 12 weights: 0.23625204777135542 Ni 0.2373066358217147 Cr 0.31878507063226014 Co 0.20765624577466968 V 
Atom 13 weights: 0.24810841593215058 Ni 0.2215104983239938 Cr 0.2686096378251342 Co 0.2617714479187214 V 
Atom 14 weights: 0.20517227599913443 Ni 0.22800197106276154 Cr 0.24766925681862537 Co 0.3191564961194786 V 
Atom 15 weights: 0.27413699092689536 Ni 0.2811231949361884 Cr 0.21650876148784626 Co 0.2282310526490701 V 
Atom 16 weights: 0.24752026505504565 Ni 0.2738724824270842 Cr 0.20827933644712432 Co 0.2703279160707459 V 
HEA binding free energy: 0.7900857047564557 eV, Target: 1.6 eV
Entropy: 21.974134471936352

Iteration 12, eta = 0.4
Atom 1 weights: 0.3119570353421656 Ni 0.21370242521689153 Cr 0.3135274734706804 Co 0.1608130659702625 V 
Atom 2 weights: 0.18639391026796934 Ni 0.24754371821087767 Cr 0.21119101359025827 Co 0.3548713579308945 V 
Atom 3 weights: 0.22745914561893057 Ni 0.2304989019105925 Cr 0.185705887964196 Co 0.35633606450628097 V 
Atom 4 weights: 0.2682246181711989 Ni 0.22193769186663115 Cr 0.25886092952249157 Co 0.2509767604396784 V 
Atom 5 weights: 0.21683457944375456 Ni 0.28105372076512336 Cr 0.2443290601123061 Co 0.257782639678816 V 
Atom 6 weights: 0.24699417729980502 Ni 0.21450052235425185 Cr 0.2626808132299391 Co 0.27582448711600405 V 
Atom 7 weights: 0.29299002604778174 Ni 0.2091944082610647 Cr 0.29139477300192684 Co 0.20642079268922664 V 
Atom 8 weights: 0.24457525844306643 Ni 0.2652030642942704 Cr 0.2676150005351893 Co 0.22260667672747395 V 
Atom 9 weights: 0.2936936075414796 Ni 0.24278765701130678 Cr 0.24712130356615078 Co 0.2163974318810629 V 
Atom 10 weights: 0.29203116232938914 Ni 0.23757088321230688 Cr 0.2848802630350991 Co 0.18551769142320487 V 
Atom 11 weights: 0.27191179803165033 Ni 0.29325217975450724 Cr 0.24573540522844092 Co 0.18910061698540157 V 
Atom 12 weights: 0.23558250476094528 Ni 0.23717088952782533 Cr 0.31806242516200733 Co 0.2091841805492221 V 
Atom 13 weights: 0.24883180709425323 Ni 0.22168719226374928 Cr 0.2692605113553609 Co 0.26022048928663655 V 
Atom 14 weights: 0.20626861952918835 Ni 0.22823321806611588 Cr 0.24864256982175004 Co 0.3168555925829457 V 
Atom 15 weights: 0.27486208667722334 Ni 0.2812512620122587 Cr 0.21724789766990646 Co 0.2266387536406116 V 
Atom 16 weights: 0.2484314421114419 Ni 0.2740403774766719 Cr 0.20917194975625997 Co 0.26835623065562625 V 
HEA binding free energy: 0.8229497709210741 eV, Target: 1.6 eV
Entropy: 21.98037943856343

Iteration 13, eta = 0.4
Atom 1 weights: 0.31831271592647575 Ni 0.20913897940497037 Cr 0.3172015031245277 Co 0.15534680154402616 V 
Atom 2 weights: 0.18454763715227848 Ni 0.24709625701993904 Cr 0.209524930887214 Co 0.35883117494056843 V 
Atom 3 weights: 0.22467305982544009 Ni 0.22975131108720453 Cr 0.18285668239070257 Co 0.36271894669665283 V 
Atom 4 weights: 0.26829958343756277 Ni 0.2217559793799365 Cr 0.2588767279858485 Co 0.25106770919665233 V 
Atom 5 weights: 0.21650465945222702 Ni 0.2812111203855292 Cr 0.24415467091034954 Co 0.25812954925189424 V 
Atom 6 weights: 0.2463318786313772 Ni 0.2142694625767288 Cr 0.26216243977814396 Co 0.2772362190137501 V 
Atom 7 weights: 0.2934700322379693 Ni 0.20909390740686348 Cr 0.2918693631659247 Co 0.2055666971892426 V 
Atom 8 weights: 0.2450586231527262 Ni 0.26541143102066334 Cr 0.2681808095382982 Co 0.2213491362883123 V 
Atom 9 weights: 0.2937593261245557 Ni 0.242780302642654 Cr 0.24699411286780454 Co 0.21646625836498584 V 
Atom 10 weights: 0.29153436185878323 Ni 0.2373905476359027 Cr 0.2844032348404022 Co 0.1866718556649118 V 
Atom 11 weights: 0.27148635711948255 Ni 0.29339214937087543 Cr 0.24524034475816686 Co 0.18988114875147513 V 
Atom 12 weights: 0.23461404975653105 Ni 0.2369335432756145 Cr 0.3175482500793323 Co 0.21090415688852218 V 
Atom 13 weights: 0.25032267939703423 Ni 0.22183407139822292 Cr 0.2707400231584959 Co 0.2571032260462469 V 
Atom 14 weights: 0.20711740454421843 Ni 0.22831826095575078 Cr 0.24961002703331972 Co 0.3149543074667111 V 
Atom 15 weights: 0.2770184378535209 Ni 0.28179979381600545 Cr 0.2189822058928075 Co 0.22219956243766611 V 
Atom 16 weights: 0.2501563127882199 Ni 0.2744939797774173 Cr 0.21058183477550552 Co 0.2647678726588574 V 
HEA binding free energy: 0.8377514768684784 eV, Target: 1.6 eV
Entropy: 21.96979435696727

Iteration 14, eta = 0.4
Atom 1 weights: 0.3275625316292266 Ni 0.20180160445474116 Cr 0.3223341909862286 Co 0.1483016729298035 V 
Atom 2 weights: 0.1831727114542603 Ni 0.24669973810720427 Cr 0.20832582591243665 Co 0.3618017245260987 V 
Atom 3 weights: 0.22294251589884334 Ni 0.22904526756595975 Cr 0.18080484959687715 Co 0.3672073669383198 V 
Atom 4 weights: 0.26860695478688335 Ni 0.22139755003682782 Cr 0.25904374217481624 Co 0.25095175300147254 V 
Atom 5 weights: 0.21726684512367783 Ni 0.2817108990772324 Cr 0.2450722395386256 Co 0.25595001626046415 V 
Atom 6 weights: 0.24677500944779984 Ni 0.21415067234141935 Cr 0.26272524099454103 Co 0.27634907721623975 V 
Atom 7 weights: 0.2933034023830834 Ni 0.20877395423498088 Cr 0.2917566439721958 Co 0.20616599940973993 V 
Atom 8 weights: 0.2457828962332946 Ni 0.2657331993206087 Cr 0.26904175365851 Co 0.21944215078758672 V 
Atom 9 weights: 0.2943654874686053 Ni 0.2428087569771906 Cr 0.24723085851397064 Co 0.21559489704023352 V 
Atom 10 weights: 0.291487281230601 Ni 0.2372064293291951 Cr 0.284323749863878 Co 0.1869825395763258 V 
Atom 11 weights: 0.2710792833184872 Ni 0.2936321069029232 Cr 0.24467851620271588 Co 0.19061009357587372 V 
Atom 12 weights: 0.23461778354786839 Ni 0.23683392478062013 Cr 0.3181921950686139 Co 0.21035609660289764 V 
Atom 13 weights: 0.251425631756178 Ni 0.22185932559530566 Cr 0.27193761076086786 Co 0.25477743188764845 V 
Atom 14 weights: 0.20750041710424924 Ni 0.228288826658828 Cr 0.2502759543922973 Co 0.3139348018446255 V 
Atom 15 weights: 0.27854485970693144 Ni 0.28234830845169556 Cr 0.21997144194560816 Co 0.21913538989576486 V 
Atom 16 weights: 0.25134065842901077 Ni 0.27496693389964477 Cr 0.2113870747565309 Co 0.2623053329148135 V 
HEA binding free energy: 1.039552029189803 eV, Target: 1.6 eV
Entropy: 21.956583363746887

Iteration 15, eta = 0.4
Atom 1 weights: 0.5393620631453324 Ni 0.020958356867027655 Cr 0.4396795799876399 Co 5.551115123125783e-17 V 
Atom 2 weights: 0.159584198242556 Ni 0.23872047492037438 Cr 0.18805544713872438 Co 0.41363987969834526 V 
Atom 3 weights: 0.19023429663646818 Ni 0.21379086802788091 Cr 0.14014192369005138 Co 0.45583291164559964 V 
Atom 4 weights: 0.26192983871066855 Ni 0.21040464038076478 Cr 0.2500159165917295 Co 0.27764960431683716 V 
Atom 5 weights: 0.2363010064568058 Ni 0.29327973959497855 Cr 0.2674944285733532 Co 0.20292482537486245 V 
Atom 6 weights: 0.25439496585858534 Ni 0.21082700320486922 Cr 0.27321796117623126 Co 0.2615600697603142 V 
Atom 7 weights: 0.28799897519414686 Ni 0.20106672749583 Cr 0.2877494659477404 Co 0.2231848313622827 V 
Atom 8 weights: 0.2611655713104573 Ni 0.2726680301517625 Cr 0.28757803465452564 Co 0.1785883638832546 V 
Atom 9 weights: 0.3096136275229883 Ni 0.24374699240626704 Cr 0.2539557404038868 Co 0.19268363966685778 V 
Atom 10 weights: 0.2878452597875627 Ni 0.23232101312730272 Cr 0.2800445992152468 Co 0.1997891278698878 V 
Atom 11 weights: 0.26069019678430655 Ni 0.29864514138296333 Cr 0.23076003747418855 Co 0.20990462435854162 V 
Atom 12 weights: 0.23588585045398253 Ni 0.23497213163283098 Cr 0.3340732552069713 Co 0.19506876270621532 V 
Atom 13 weights: 0.26684734547468875 Ni 0.22073881170801968 Cr 0.2902201025883572 Co 0.22219374022893457 V 
Atom 14 weights: 0.21350013204035198 Ni 0.22740108236961584 Cr 0.2630290342466758 Co 0.2960697513433564 V 
Atom 15 weights: 0.3075210993384747 Ni 0.2938925736818001 Cr 0.23714039436619552 Co 0.1614459326135297 V 
Atom 16 weights: 0.275414895030118 Ni 0.28546437120659207 Cr 0.22710025606106776 Co 0.2120204777022222 V 
HEA binding free energy: 1.5571721275323838 eV, Target: 1.6 eV
Entropy: 21.239560915811317

Iteration 16, eta = 0.4
Atom 1 weights: 0.5428404491784323 Ni 0.015882229902189175 Cr 0.4412773209193784 Co 0.0 V 
Atom 2 weights: 0.15943646670821723 Ni 0.2386333651435658 Cr 0.18800284277077522 Co 0.4139273253774417 V 
Atom 3 weights: 0.1899447218778449 Ni 0.21349464260713727 Cr 0.13953730094827332 Co 0.4570233345667445 V 
Atom 4 weights: 0.2617616536144518 Ni 0.2100747226567477 Cr 0.2497742510928735 Co 0.2783893726359271 V 
Atom 5 weights: 0.23665546172752913 Ni 0.29360192086109727 Cr 0.2679873216377991 Co 0.20175529577357448 V 
Atom 6 weights: 0.2544879427451634 Ni 0.2106384897131665 Cr 0.27341445803312614 Co 0.2614591095085439 V 
Atom 7 weights: 0.2880979229060906 Ni 0.20079910123160524 Cr 0.287861120568897 Co 0.2232418552934071 V 
Atom 8 weights: 0.26151130154563507 Ni 0.2728486873940082 Cr 0.28804604617025364 Co 0.17759396489010315 V 
Atom 9 weights: 0.3099839733417596 Ni 0.2437338967324923 Cr 0.25402510204475864 Co 0.1922570278809895 V 
Atom 10 weights: 0.28780776616920395 Ni 0.23217097799746111 Cr 0.279979396967748 Co 0.200041858865587 V 
Atom 11 weights: 0.26051183565983094 Ni 0.2988587479707167 Cr 0.23043730149644306 Co 0.21019211487300932 V 
Atom 12 weights: 0.2356895700949283 Ni 0.2348722634508802 Cr 0.33442169916035025 Co 0.19501646729384137 V 
Atom 13 weights: 0.2666053790048394 Ni 0.22054056528977017 Cr 0.2901344449085634 Co 0.22271961079682717 V 
Atom 14 weights: 0.2130910726694949 Ni 0.2272609362191159 Cr 0.2629113248898826 Co 0.29673666622150663 V 
Atom 15 weights: 0.30774468586931736 Ni 0.29413753207772797 Cr 0.2369951839009034 Co 0.1611225981520512 V 
Atom 16 weights: 0.275530063845435 Ni 0.28568302087457453 Cr 0.22696457067265582 Co 0.21182234460733462 V 
HEA binding free energy: 1.6064282933646152 eV, Target: 1.6 eV
Entropy: 21.219572191094105

Iteration 17, eta = 0.4
Atom 1 weights: 0.5537074582691229 Ni 0.0 Cr 0.44629254173087707 Co 0.0 V 
Atom 2 weights: 0.1587339395891374 Ni 0.23835789696014256 Cr 0.18768595264917973 Co 0.41522221080154037 V 
Atom 3 weights: 0.1889652258990691 Ni 0.21251762281813372 Cr 0.13744701892940453 Co 0.46107013235339256 V 
Atom 4 weights: 0.2611566853906988 Ni 0.20894744934721934 Cr 0.24892559340580464 Co 0.28097027185627726 V 
Atom 5 weights: 0.2375691850362471 Ni 0.2946941528627964 Cr 0.26942917218475226 Co 0.19830748991620425 V 
Atom 6 weights: 0.25474576263121357 Ni 0.20992843593953256 Cr 0.2740466979062824 Co 0.26127910352297146 V 
Atom 7 weights: 0.2885723807316046 Ni 0.19983848168584936 Cr 0.28836909622190743 Co 0.22322004136063853 V 
Atom 8 weights: 0.26250698084442725 Ni 0.2734537708836865 Cr 0.2895035234701593 Co 0.17453572480172694 V 
Atom 9 weights: 0.3111349152650295 Ni 0.2436488575825024 Cr 0.25410055158338263 Co 0.1911156755690855 V 
Atom 10 weights: 0.28757070582043687 Ni 0.23161499727927173 Cr 0.27965053138484924 Co 0.20116376551544218 V 
Atom 11 weights: 0.2598309544033856 Ni 0.29962612676744105 Cr 0.22923677584837468 Co 0.21130614298079856 V 
Atom 12 weights: 0.2348566181813324 Ni 0.23448846756274846 Cr 0.3355647572367962 Co 0.19509015701912286 V 
Atom 13 weights: 0.2658800086842198 Ni 0.21984260893814248 Cr 0.2899610826053678 Co 0.22431629977226997 V 
Atom 14 weights: 0.21180459593987566 Ni 0.22678338229458406 Cr 0.2626615020454933 Co 0.2987505197200471 V 
Atom 15 weights: 0.3086109803634168 Ni 0.2950250057162388 Cr 0.23652190910310764 Co 0.15984210481723687 V 
Atom 16 weights: 0.27597232741357525 Ni 0.2864677854728058 Cr 0.22649506723542795 Co 0.21106481987819115 V 
HEA binding free energy: 1.7008195759443336 eV, Target: 1.6 eV
Entropy: 21.13755509391661

Iteration 18, eta = 0.4
Atom 1 weights: 0.553708682500779 Ni 3.3800364330784924e-19 Cr 0.4462913174992211 Co 3.3800364330784924e-19 V 
Atom 2 weights: 0.1587332026083986 Ni 0.2383579707595958 Cr 0.18768584687874523 Co 0.4152229797532602 V 
Atom 3 weights: 0.18896441198334682 Ni 0.21251687194729652 Cr 0.13744489517304811 Co 0.4610738208963085 V 
Atom 4 weights: 0.26115820289719544 Ni 0.2089465240170384 Cr 0.24892667095741075 Co 0.2809686021283555 V 
Atom 5 weights: 0.23756769861933077 Ni 0.2946949846344876 Cr 0.26942854366467567 Co 0.19830877308150593 V 
Atom 6 weights: 0.25474446852997706 Ni 0.20992715485415986 Cr 0.2740459645688003 Co 0.26128241204706276 V 
Atom 7 weights: 0.28857367842743875 Ni 0.19983727212321167 Cr 0.28837035496068997 Co 0.22321869448865966 V 
Atom 8 weights: 0.2625065671305973 Ni 0.27345418653754133 Cr 0.2895038183680399 Co 0.1745354279638215 V 
Atom 9 weights: 0.31113638163261276 Ni 0.2436487394256013 Cr 0.25410062971597897 Co 0.19111424922580705 V 
Atom 10 weights: 0.2875699616946118 Ni 0.23161419974230016 Cr 0.2796496956097778 Co 0.20116614295331023 V 
Atom 11 weights: 0.25982864672206574 Ni 0.2996268019763367 Cr 0.2292338821331787 Co 0.211310669168419 V 
Atom 12 weights: 0.23485711329570813 Ni 0.23448822635155156 Cr 0.33556768624456546 Co 0.1950869741081749 V 
Atom 13 weights: 0.2658796859373187 Ni 0.21984180125563532 Cr 0.28996143010995923 Co 0.22431708269708678 V 
Atom 14 weights: 0.21180313678788595 Ni 0.22678278179947522 Cr 0.2626613615382696 Co 0.2987527198743692 V 
Atom 15 weights: 0.3086116374363534 Ni 0.2950260572599072 Cr 0.23652087073176692 Co 0.1598414345719726 V 
Atom 16 weights: 0.27597258746847875 Ni 0.2864686817971662 Cr 0.22649415481129 Co 0.21106457592306496 V 
HEA binding free energy: 1.591631975805212 eV, Target: 1.6 eV
Entropy: 21.13754616577244

Iteration 19, eta = 0.4
Atom 1 weights: 0.5537087221891964 Ni 3.3795850226380204e-19 Cr 0.4462912778108036 Co 3.3795850226380204e-19 V 
Atom 2 weights: 0.15873317628484462 Ni 0.23835796843912058 Cr 0.18768583641322176 Co 0.4152230188628131 V 
Atom 3 weights: 0.1889643886271012 Ni 0.2125168494541435 Cr 0.13744483722986964 Co 0.4610739246888856 V 
Atom 4 weights: 0.2611582291836776 Ni 0.20894649975353807 Cr 0.24892668753261013 Co 0.2809685835301743 V 
Atom 5 weights: 0.23756769295203184 Ni 0.2946950133464776 Cr 0.26942855806605187 Co 0.19830873563543872 V 
Atom 6 weights: 0.25474446244720483 Ni 0.20992712699015129 Cr 0.2740459713024288 Co 0.26128243926021505 V 
Atom 7 weights: 0.2885737128857705 Ni 0.19983724162964495 Cr 0.28837038858410213 Co 0.22321865690048248 V 
Atom 8 weights: 0.26250658366613006 Ni 0.273454203091634 Cr 0.2895038514837998 Co 0.17453536175843615 V 
Atom 9 weights: 0.31113640716869767 Ni 0.2436487331321398 Cr 0.25410061983573484 Co 0.19111423986342757 V 
Atom 10 weights: 0.28756995735317975 Ni 0.23161418239771983 Cr 0.27964968810941865 Co 0.20116617213968174 V 
Atom 11 weights: 0.25982862200792745 Ni 0.2996268272675579 Cr 0.22923384007105066 Co 0.2113107106534641 V 
Atom 12 weights: 0.2348570847375171 Ni 0.23448821259459993 Cr 0.33556772341353375 Co 0.19508697925434929 V 
Atom 13 weights: 0.26587967685579017 Ni 0.21984177956709836 Cr 0.2899614381473172 Co 0.22431710542979436 V 
Atom 14 weights: 0.21180309644557743 Ni 0.2267827652366677 Cr 0.2626613552958159 Co 0.2987527830219391 V 
Atom 15 weights: 0.30861166201897694 Ni 0.2950260848723736 Cr 0.2365208505583121 Co 0.1598414025503373 V 
Atom 16 weights: 0.2759725935885964 Ni 0.2864687044091003 Cr 0.2264941304765842 Co 0.21106457152571906 V 
HEA binding free energy: 1.5926202950084574 eV, Target: 1.6 eV
Entropy: 21.137545871060095

Iteration 20, eta = 0.4
Atom 1 weights: 0.5985133622954225 Ni 5.551115123125783e-17 Cr 0.4014866377045774 Co 5.551115123125783e-17 V 
Atom 2 weights: 0.12810684293300398 Ni 0.23585281577415576 Cr 0.17520522424001483 Co 0.4608351170528254 V 
Atom 3 weights: 0.16330306773242326 Ni 0.18753010404498385 Cr 0.07257638243023008 Co 0.5765904457923628 V 
Atom 4 weights: 0.2906030134118741 Ni 0.1812926821125826 Cr 0.267370511970479 Co 0.2607337925050642 V 
Atom 5 weights: 0.23069911327647113 Ni 0.3271720675321892 Cr 0.28537004616273165 Co 0.15675877302860808 V 
Atom 6 weights: 0.24888008262289701 Ni 0.1785023142609668 Cr 0.28266531753935703 Co 0.2899522855767792 V 
Atom 7 weights: 0.3296816915690607 Ni 0.16558950440395973 Cr 0.32839660803621407 Co 0.17633219599076547 V 
Atom 8 weights: 0.28101159261427655 Ni 0.29217659583368394 Cr 0.3268429758183559 Co 0.09996883573368359 V 
Atom 9 weights: 0.33588477136159406 Ni 0.23579681991174187 Cr 0.23894607269804927 Co 0.1893723360286149 V 
Atom 10 weights: 0.2833749425865786 Ni 0.21206497959078702 Cr 0.271819121151916 Co 0.23274095667071848 V 
Atom 11 weights: 0.23184703676580698 Ni 0.32834314559211275 Cr 0.18155820690728636 Co 0.25825161073479386 V 
Atom 12 weights: 0.2042593202522059 Ni 0.21917583374923635 Cr 0.3794798787967856 Co 0.19708496720177232 V 
Atom 13 weights: 0.2552834786085488 Ni 0.19527424348323422 Cr 0.2988748361732558 Co 0.25056744173496126 V 
Atom 14 weights: 0.1649633348934229 Ni 0.20779298046226718 Cr 0.254625508542582 Co 0.3726181761017279 V 
Atom 15 weights: 0.3352643234426913 Ni 0.3262315873188996 Cr 0.21249852231519648 Co 0.12600556692321255 V 
Atom 16 weights: 0.2829851264141787 Ni 0.3121568186721265 Cr 0.19893883849935012 Co 0.20591921641434469 V 
HEA binding free energy: 1.59662410406953 eV, Target: 1.6 eV
Entropy: 20.655771954591636

Iteration 21, eta = 0.8
Atom 1 weights: 0.6520471011687976 Ni 0.0 Cr 0.34795289883120245 Co 0.0 V 
Atom 2 weights: 0.09136473809768282 Ni 0.23283298730450067 Cr 0.16015873484775633 Co 0.5156435397500603 V 
Atom 3 weights: 0.13083909777375077 Ni 0.15596730918334037 Cr 0.0 Co 0.713193593042909 V 
Atom 4 weights: 0.32574396664508654 Ni 0.14824057202796118 Cr 0.2893690603630152 Co 0.23664640096393705 V 
Atom 5 weights: 0.22241549535793928 Ni 0.36596696996884215 Cr 0.304350338361256 Co 0.10726719631196253 V 
Atom 6 weights: 0.2418436112710651 Ni 0.14094428058058053 Cr 0.2929394985966457 Co 0.3242726095517086 V 
Atom 7 weights: 0.37871796920660866 Ni 0.12464549964559249 Cr 0.37614599539745913 Co 0.1204905357503396 V 
Atom 8 weights: 0.30303506008161607 Ni 0.3145311767975491 Cr 0.3713798838631104 Co 0.011053879257724386 V 
Atom 9 weights: 0.3655935072556349 Ni 0.22643660853103192 Cr 0.22096003632489777 Co 0.1870098478884353 V 
Atom 10 weights: 0.2784839512885924 Ni 0.18872745839732408 Cr 0.2625753214616666 Co 0.2702132688524169 V 
Atom 11 weights: 0.19853167894593463 Ni 0.3626845456362105 Cr 0.12469885824274224 Co 0.3140849171751128 V 
Atom 12 weights: 0.167762987720856 Ni 0.20089219994187063 Cr 0.4320195372486888 Co 0.19932527508858464 V 
Atom 13 weights: 0.24272772225909503 Ni 0.1659298489939246 Cr 0.3096239415494908 Co 0.2817184871974896 V 
Atom 14 weights: 0.10909370185329623 Ni 0.18511625267562173 Cr 0.24511854856050208 Co 0.46067149691057996 V 
Atom 15 weights: 0.36719932479187406 Ni 0.363534306360101 Cr 0.18386790833689884 Co 0.08539846051112625 V 
Atom 16 weights: 0.2914282923075927 Ni 0.3428629516182711 Cr 0.16606661640951043 Co 0.19964213966462588 V 
HEA binding free energy: 1.7195732248961837 eV, Target: 1.6 eV
Entropy: 19.59107123789099

Iteration 22, eta = 0.8
Atom 1 weights: 0.6542689181694491 Ni 0.0 Cr 0.34573108183055096 Co 0.0 V 
Atom 2 weights: 0.0883591035902536 Ni 0.2323832715768228 Cr 0.15830867727576467 Co 0.5209489475571589 V 
Atom 3 weights: 0.12115076305731645 Ni 0.15067309791824315 Cr 0.0 Co 0.7281761390244404 V 
Atom 4 weights: 0.31967731690739415 Ni 0.14530132312325475 Cr 0.28318105891786866 Co 0.2518403010514825 V 
Atom 5 weights: 0.2238437592867577 Ni 0.3682612949328309 Cr 0.30700603996176135 Co 0.10088890581865013 V 
Atom 6 weights: 0.24332714199422387 Ni 0.13933271677469614 Cr 0.29515651515586866 Co 0.3221836260752113 V 
Atom 7 weights: 0.3820867490128524 Ni 0.12269999768558232 Cr 0.3793902931626578 Co 0.11582296013890753 V 
Atom 8 weights: 0.30589953818329146 Ni 0.3160101859513767 Cr 0.3752634482845145 Co 0.002826827580817379 V 
Atom 9 weights: 0.3682768335928417 Ni 0.22619900248027436 Cr 0.22114812567297643 Co 0.18437603825390747 V 
Atom 10 weights: 0.28074219606418344 Ni 0.18810658548014716 Cr 0.2644691009223741 Co 0.26668211753329535 V 
Atom 11 weights: 0.20033770822143684 Ni 0.36523380101587943 Cr 0.12507813253986833 Co 0.3093503582228154 V 
Atom 12 weights: 0.16853424656209987 Ni 0.20039190813013044 Cr 0.4370611658166358 Co 0.19401267949113404 V 
Atom 13 weights: 0.24311036411637973 Ni 0.16455291444694664 Cr 0.311088491126737 Co 0.2812482303099368 V 
Atom 14 weights: 0.10595223948307005 Ni 0.18392481900609836 Cr 0.24434615872209692 Co 0.46577678278873463 V 
