Initilizing minimization for species Ni Cr Co V 

Target: 1.6 eV
Performing first surface calculations...
Surface calculations successfully finished.
Initial entropy parameter eta set to 0.05
_____________________________________________________________________
Beginning minimzation


Iteration 1, eta = 0.05
Atom 1 weights: 0.23276972378081318 Ni 0.22707106336550945 Cr 0.22810910656298095 Co 0.3120501062906964 V 
Atom 2 weights: 0.2513781734748681 Ni 0.24587957875933808 Cr 0.22738318564789795 Co 0.2753590621178958 V 
Atom 3 weights: 0.2828791489472819 Ni 0.23897279183504525 Cr 0.26162503029994266 Co 0.21652302891773026 V 
Atom 4 weights: 0.24516889274218423 Ni 0.22884306066126733 Cr 0.25860460544689307 Co 0.26738344114965523 V 
Atom 5 weights: 0.2495490717966373 Ni 0.22200741496062731 Cr 0.26158983967693 Co 0.2668536735658053 V 
Atom 6 weights: 0.27375962722832997 Ni 0.2253173127178803 Cr 0.2372591305825754 Co 0.26366392947121425 V 
Atom 7 weights: 0.23116566355924503 Ni 0.3086019070400668 Cr 0.2359403419218936 Co 0.22429208747879456 V 
Atom 8 weights: 0.2852479480153581 Ni 0.23868695724194142 Cr 0.19680759916099325 Co 0.27925749558170726 V 
Atom 9 weights: 0.2280450084382567 Ni 0.2276149388992088 Cr 0.2487182296374659 Co 0.29562182302506856 V 
Atom 10 weights: 0.2851040042494298 Ni 0.22293851784435736 Cr 0.22186054477597 Co 0.27009693313024274 V 
Atom 11 weights: 0.23726212003324748 Ni 0.24831178860854833 Cr 0.25735799665540876 Co 0.2570680947027954 V 
Atom 12 weights: 0.2660968418793886 Ni 0.20614778229440334 Cr 0.27306701952114903 Co 0.25468835630505904 V 
Atom 13 weights: 0.2554079934365021 Ni 0.26215953577130047 Cr 0.249733875034656 Co 0.23269859575754143 V 
Atom 14 weights: 0.24788347887921278 Ni 0.2459799142784533 Cr 0.2246000767896924 Co 0.2815365300526414 V 
Atom 15 weights: 0.24387688047025247 Ni 0.2700825185762576 Cr 0.22801977008677493 Co 0.25802083086671507 V 
Atom 16 weights: 0.2709831066837998 Ni 0.2219499708100036 Cr 0.22945136681830233 Co 0.27761555568789414 V 
HEA binding free energy: 0.4032594179248807 eV, Target: 1.6 eV
Entropy: 22.107574843816153

Iteration 2, eta = 0.05
Atom 1 weights: 0.23756149545027466 Ni 0.22554975207236969 Cr 0.2315930769610645 Co 0.3052956755162912 V 
Atom 2 weights: 0.2548604677450508 Ni 0.2464541169692896 Cr 0.23057583323460598 Co 0.2681095820510536 V 
Atom 3 weights: 0.2859851864376503 Ni 0.23945850647307132 Cr 0.26446956438913527 Co 0.21008674270014305 V 
Atom 4 weights: 0.24926963768836424 Ni 0.22953992110341448 Cr 0.26238819261139856 Co 0.25880224859682277 V 
Atom 5 weights: 0.2508211813151977 Ni 0.2222285240520887 Cr 0.262771510370102 Co 0.2641787842626116 V 
Atom 6 weights: 0.2746700356462212 Ni 0.22550861736867156 Cr 0.23810847386036293 Co 0.2617128731247444 V 
Atom 7 weights: 0.2323690197226927 Ni 0.3088845453084291 Cr 0.23706635487052094 Co 0.2216800800983573 V 
Atom 8 weights: 0.2867295926854068 Ni 0.23895504306176146 Cr 0.19816797749454734 Co 0.2761473867582845 V 
Atom 9 weights: 0.22708444152377555 Ni 0.22741840539833905 Cr 0.24782801878343003 Co 0.2976691342944553 V 
Atom 10 weights: 0.28461125500735823 Ni 0.22285378043370427 Cr 0.22140042226781084 Co 0.2711345422911267 V 
Atom 11 weights: 0.23648662295256945 Ni 0.24818524284253016 Cr 0.2566512784716064 Co 0.258676855733294 V 
Atom 12 weights: 0.2638087210961067 Ni 0.20579398433820256 Cr 0.27095766891204875 Co 0.25943962565364204 V 
Atom 13 weights: 0.2524305458437713 Ni 0.26162900075283013 Cr 0.24698686599693592 Co 0.23895358740646275 V 
Atom 14 weights: 0.2440666303489939 Ni 0.24529281536229708 Cr 0.22107339417812935 Co 0.28956716011057976 V 
Atom 15 weights: 0.24076466257202492 Ni 0.269519522731132 Cr 0.22514746686315135 Co 0.2645683478336919 V 
Atom 16 weights: 0.2681309592194954 Ni 0.22146916927423146 Cr 0.22681462668556907 Co 0.28358524482070413 V 
HEA binding free energy: 0.6474267424215363 eV, Target: 1.6 eV
Entropy: 22.106547288530333

Iteration 3, eta = 0.1
Atom 1 weights: 0.23756149545027466 Ni 0.22554975207236969 Cr 0.2315930769610645 Co 0.3052956755162912 V 
Atom 2 weights: 0.2548604677450508 Ni 0.2464541169692896 Cr 0.23057583323460598 Co 0.2681095820510536 V 
Atom 3 weights: 0.2859851864376503 Ni 0.23945850647307132 Cr 0.26446956438913527 Co 0.21008674270014305 V 
Atom 4 weights: 0.24926963768836424 Ni 0.22953992110341448 Cr 0.26238819261139856 Co 0.25880224859682277 V 
Atom 5 weights: 0.2508211813151977 Ni 0.2222285240520887 Cr 0.262771510370102 Co 0.2641787842626116 V 
Atom 6 weights: 0.2746700356462212 Ni 0.22550861736867156 Cr 0.23810847386036293 Co 0.2617128731247444 V 
Atom 7 weights: 0.2323690197226927 Ni 0.3088845453084291 Cr 0.23706635487052094 Co 0.2216800800983573 V 
Atom 8 weights: 0.2867295926854068 Ni 0.23895504306176146 Cr 0.19816797749454734 Co 0.2761473867582845 V 
Atom 9 weights: 0.22708444152377555 Ni 0.22741840539833905 Cr 0.24782801878343003 Co 0.2976691342944553 V 
Atom 10 weights: 0.28461125500735823 Ni 0.22285378043370427 Cr 0.22140042226781084 Co 0.2711345422911267 V 
Atom 11 weights: 0.23648662295256945 Ni 0.24818524284253016 Cr 0.2566512784716064 Co 0.258676855733294 V 
Atom 12 weights: 0.2638087210961067 Ni 0.20579398433820256 Cr 0.27095766891204875 Co 0.25943962565364204 V 
Atom 13 weights: 0.2524305458437713 Ni 0.26162900075283013 Cr 0.24698686599693592 Co 0.23895358740646275 V 
Atom 14 weights: 0.2440666303489939 Ni 0.24529281536229708 Cr 0.22107339417812935 Co 0.28956716011057976 V 
Atom 15 weights: 0.24076466257202492 Ni 0.269519522731132 Cr 0.22514746686315135 Co 0.2645683478336919 V 
Atom 16 weights: 0.2681309592194954 Ni 0.22146916927423146 Cr 0.22681462668556907 Co 0.28358524482070413 V 
HEA binding free energy: 0.44114807844040105 eV, Target: 1.6 eV
Entropy: 22.106547288530333

Iteration 4, eta = 0.1
Atom 1 weights: 0.2374822246907913 Ni 0.22337258868312979 Cr 0.23064205630449786 Co 0.30850313032158116 V 
Atom 2 weights: 0.25118944058905024 Ni 0.24577636822136045 Cr 0.22716639663707405 Co 0.27586779455251526 V 
Atom 3 weights: 0.28207077913826806 Ni 0.23875204584959464 Cr 0.2608354983959481 Co 0.21834167661618922 V 
Atom 4 weights: 0.24571127586311686 Ni 0.22892015885932349 Cr 0.25910820257424505 Co 0.2662603627033146 V 
Atom 5 weights: 0.2494059335688839 Ni 0.2219618605745763 Cr 0.26146334271805993 Co 0.2671688631384799 V 
Atom 6 weights: 0.2735447816086501 Ni 0.22531846945871367 Cr 0.23706448075352424 Co 0.264072268179112 V 
Atom 7 weights: 0.23111103905652228 Ni 0.3086753005906675 Cr 0.235913822730816 Co 0.22429983762199418 V 
Atom 8 weights: 0.28521549431518484 Ni 0.23867777923216735 Cr 0.19673880308677694 Co 0.27936792336587085 V 
Atom 9 weights: 0.2275860905134266 Ni 0.22747685077896304 Cr 0.2482920429023089 Co 0.2966450158053015 V 
Atom 10 weights: 0.2856726807339211 Ni 0.22301656530114344 Cr 0.22235922523720172 Co 0.2689515287277337 V 
Atom 11 weights: 0.2375857080727738 Ni 0.24837720911312317 Cr 0.2576725491686751 Co 0.256364533645428 V 
Atom 12 weights: 0.2647986303674697 Ni 0.20594425190301144 Cr 0.27187814238625374 Co 0.25737897534326515 V 
Atom 13 weights: 0.2560785487045763 Ni 0.262313489825409 Cr 0.2503589324352318 Co 0.231249029034783 V 
Atom 14 weights: 0.2484020193377987 Ni 0.2460854044975785 Cr 0.22507319815431723 Co 0.2804393780103056 V 
Atom 15 weights: 0.24512918095293 Ni 0.2703481047360219 Cr 0.22917455731130057 Co 0.25534815699974756 V 
Atom 16 weights: 0.2717766820541697 Ni 0.22210334196573503 Cr 0.23017487662728525 Co 0.2759450993528099 V 
HEA binding free energy: 0.44972975412114335 eV, Target: 1.6 eV
Entropy: 22.109130085818673

Iteration 5, eta = 0.1
Atom 1 weights: 0.23823110244973258 Ni 0.22152514768048284 Cr 0.2305265011782861 Co 0.3097172486914985 V 
Atom 2 weights: 0.25033804104627905 Ni 0.24560933767179233 Cr 0.22636688074350392 Co 0.27768574053842476 V 
Atom 3 weights: 0.2813861676903902 Ni 0.23860235153987258 Cr 0.2601864155578334 Co 0.21982506521190381 V 
Atom 4 weights: 0.24461865820837028 Ni 0.2287453061804967 Cr 0.25810969216002666 Co 0.2685263434511064 V 
Atom 5 weights: 0.2475595904090502 Ni 0.22161900336690188 Cr 0.2597514083057757 Co 0.2710699979182722 V 
Atom 6 weights: 0.27300726861543895 Ni 0.2252095759223611 Cr 0.2365568911544088 Co 0.26522626430779117 V 
Atom 7 weights: 0.2303790660491059 Ni 0.308544448220208 Cr 0.2352391138702727 Co 0.2258373718604134 V 
Atom 8 weights: 0.28345394099990945 Ni 0.23835460910133394 Cr 0.19507850903787047 Co 0.2831129408608862 V 
Atom 9 weights: 0.22701138059071607 Ni 0.2273666273727331 Cr 0.2477640283947302 Co 0.29785796364182066 V 
Atom 10 weights: 0.28597530120173154 Ni 0.22303556087956602 Cr 0.2226144928546245 Co 0.268374645064078 V 
Atom 11 weights: 0.2376284186782961 Ni 0.24836770360690416 Cr 0.25771250445585275 Co 0.2562913732589471 V 
Atom 12 weights: 0.2642030563519367 Ni 0.2058263052656862 Cr 0.27132520411116146 Co 0.25864543427121567 V 
Atom 13 weights: 0.2585845246204086 Ni 0.26277373863510767 Cr 0.252671076339651 Co 0.22597066040483277 V 
Atom 14 weights: 0.2510930258004803 Ni 0.24656954199154857 Cr 0.22755411834937672 Co 0.27478331385859445 V 
Atom 15 weights: 0.24781971394503444 Ni 0.270856996547438 Cr 0.23165701944958988 Co 0.2496662700579377 V 
Atom 16 weights: 0.2742156274384778 Ni 0.2225146048751527 Cr 0.23241598097461866 Co 0.2708537867117509 V 
HEA binding free energy: 0.4629959399753259 eV, Target: 1.6 eV
Entropy: 22.10845562176604

Iteration 6, eta = 0.1
Atom 1 weights: 0.28506893091295415 Ni 0.14416998736263922 Cr 0.2390201979600916 Co 0.3317408837643151 V 
Atom 2 weights: 0.21447282234169093 Ni 0.23868952827387507 Cr 0.1927339648456669 Co 0.35410368453876717 V 
Atom 3 weights: 0.239726583580957 Ni 0.23005554410117401 Cr 0.22099719373942328 Co 0.30922067857844565 V 
Atom 4 weights: 0.21700658641584405 Ni 0.22510755911706296 Cr 0.23325688392736707 Co 0.32462897053972595 V 
Atom 5 weights: 0.1689404983042684 Ni 0.20706563842421014 Cr 0.18688203498034045 Co 0.437111828291181 V 
Atom 6 weights: 0.23738122929559602 Ni 0.21790094768211754 Cr 0.2030263220845939 Co 0.34169150093769235 V 
Atom 7 weights: 0.1868859539234806 Ni 0.3002871411912417 Cr 0.19504445928167316 Co 0.3177824456036044 V 
Atom 8 weights: 0.20803003216767577 Ni 0.22463364840735472 Cr 0.12402116033658979 Co 0.44331515908837965 V 
Atom 9 weights: 0.20238826749885755 Ni 0.22222886134299774 Cr 0.2250099165714905 Co 0.35037295458665424 V 
Atom 10 weights: 0.2965693269959944 Ni 0.22360800486399865 Cr 0.23137276996305345 Co 0.24844989817695362 V 
Atom 11 weights: 0.23094965258070904 Ni 0.24602917906107338 Cr 0.25143856315425267 Co 0.2715826052039649 V 
Atom 12 weights: 0.23575800120469542 Ni 0.2003583998133329 Cr 0.24495030922771321 Co 0.3189332897542584 V 
Atom 13 weights: 0.36537534937261495 Ni 0.282671860194657 Cr 0.35129370692832607 Co 0.0006590835044020527 V 
Atom 14 weights: 0.36919052740493163 Ni 0.26810113516929646 Cr 0.3364926663713922 Co 0.02621567105437969 V 
Atom 15 weights: 0.3667287719225582 Ni 0.29201327778908276 Cr 0.3412579502883591 Co 0.0 V 
Atom 16 weights: 0.37943662454264104 Ni 0.24050262436716843 Cr 0.3291846542097142 Co 0.050876096880476285 V 
HEA binding free energy: 0.6598568536676674 eV, Target: 1.6 eV
Entropy: 20.85542526050434

Iteration 7, eta = 0.2
Atom 1 weights: 0.28506893091295415 Ni 0.14416998736263922 Cr 0.2390201979600916 Co 0.3317408837643151 V 
Atom 2 weights: 0.21447282234169093 Ni 0.23868952827387507 Cr 0.1927339648456669 Co 0.35410368453876717 V 
Atom 3 weights: 0.239726583580957 Ni 0.23005554410117401 Cr 0.22099719373942328 Co 0.30922067857844565 V 
Atom 4 weights: 0.21700658641584405 Ni 0.22510755911706296 Cr 0.23325688392736707 Co 0.32462897053972595 V 
Atom 5 weights: 0.1689404983042684 Ni 0.20706563842421014 Cr 0.18688203498034045 Co 0.437111828291181 V 
Atom 6 weights: 0.23738122929559602 Ni 0.21790094768211754 Cr 0.2030263220845939 Co 0.34169150093769235 V 
Atom 7 weights: 0.1868859539234806 Ni 0.3002871411912417 Cr 0.19504445928167316 Co 0.3177824456036044 V 
Atom 8 weights: 0.20803003216767577 Ni 0.22463364840735472 Cr 0.12402116033658979 Co 0.44331515908837965 V 
Atom 9 weights: 0.20238826749885755 Ni 0.22222886134299774 Cr 0.2250099165714905 Co 0.35037295458665424 V 
Atom 10 weights: 0.2965693269959944 Ni 0.22360800486399865 Cr 0.23137276996305345 Co 0.24844989817695362 V 
Atom 11 weights: 0.23094965258070904 Ni 0.24602917906107338 Cr 0.25143856315425267 Co 0.2715826052039649 V 
Atom 12 weights: 0.23575800120469542 Ni 0.2003583998133329 Cr 0.24495030922771321 Co 0.3189332897542584 V 
Atom 13 weights: 0.36537534937261495 Ni 0.282671860194657 Cr 0.35129370692832607 Co 0.0006590835044020527 V 
Atom 14 weights: 0.36919052740493163 Ni 0.26810113516929646 Cr 0.3364926663713922 Co 0.02621567105437969 V 
Atom 15 weights: 0.3667287719225582 Ni 0.29201327778908276 Cr 0.3412579502883591 Co 0.0 V 
Atom 16 weights: 0.37943662454264104 Ni 0.24050262436716843 Cr 0.3291846542097142 Co 0.050876096880476285 V 
HEA binding free energy: 0.7285946280951436 eV, Target: 1.6 eV
Entropy: 20.85542526050434

Iteration 8, eta = 0.4
Atom 1 weights: 0.28506893091295415 Ni 0.14416998736263922 Cr 0.2390201979600916 Co 0.3317408837643151 V 
Atom 2 weights: 0.21447282234169093 Ni 0.23868952827387507 Cr 0.1927339648456669 Co 0.35410368453876717 V 
Atom 3 weights: 0.239726583580957 Ni 0.23005554410117401 Cr 0.22099719373942328 Co 0.30922067857844565 V 
Atom 4 weights: 0.21700658641584405 Ni 0.22510755911706296 Cr 0.23325688392736707 Co 0.32462897053972595 V 
Atom 5 weights: 0.1689404983042684 Ni 0.20706563842421014 Cr 0.18688203498034045 Co 0.437111828291181 V 
Atom 6 weights: 0.23738122929559602 Ni 0.21790094768211754 Cr 0.2030263220845939 Co 0.34169150093769235 V 
Atom 7 weights: 0.1868859539234806 Ni 0.3002871411912417 Cr 0.19504445928167316 Co 0.3177824456036044 V 
Atom 8 weights: 0.20803003216767577 Ni 0.22463364840735472 Cr 0.12402116033658979 Co 0.44331515908837965 V 
Atom 9 weights: 0.20238826749885755 Ni 0.22222886134299774 Cr 0.2250099165714905 Co 0.35037295458665424 V 
Atom 10 weights: 0.2965693269959944 Ni 0.22360800486399865 Cr 0.23137276996305345 Co 0.24844989817695362 V 
Atom 11 weights: 0.23094965258070904 Ni 0.24602917906107338 Cr 0.25143856315425267 Co 0.2715826052039649 V 
Atom 12 weights: 0.23575800120469542 Ni 0.2003583998133329 Cr 0.24495030922771321 Co 0.3189332897542584 V 
Atom 13 weights: 0.36537534937261495 Ni 0.282671860194657 Cr 0.35129370692832607 Co 0.0006590835044020527 V 
Atom 14 weights: 0.36919052740493163 Ni 0.26810113516929646 Cr 0.3364926663713922 Co 0.02621567105437969 V 
Atom 15 weights: 0.3667287719225582 Ni 0.29201327778908276 Cr 0.3412579502883591 Co 0.0 V 
Atom 16 weights: 0.37943662454264104 Ni 0.24050262436716843 Cr 0.3291846542097142 Co 0.050876096880476285 V 
HEA binding free energy: 0.28839747455429665 eV, Target: 1.6 eV
Entropy: 20.85542526050434

Iteration 9, eta = 0.4
Atom 1 weights: 0.28511258643694737 Ni 0.14407441489130943 Cr 0.2390180247341151 Co 0.33179497393762797 V 
Atom 2 weights: 0.21445132185762839 Ni 0.23868446399825216 Cr 0.1927140136488936 Co 0.3541502004952259 V 
Atom 3 weights: 0.23972228671695778 Ni 0.2300519525759121 Cr 0.22099322172980276 Co 0.3092325389773274 V 
Atom 4 weights: 0.2170157701504748 Ni 0.22510467793734665 Cr 0.2332651837506383 Co 0.32461436816154027 V 
Atom 5 weights: 0.1687927313958713 Ni 0.20703873583633325 Cr 0.18674554210997268 Co 0.43742299065782275 V 
Atom 6 weights: 0.23732835153032442 Ni 0.21789203873942464 Cr 0.20297592416843735 Co 0.3418036855618135 V 
Atom 7 weights: 0.18677469065683389 Ni 0.3002627926230943 Cr 0.19494039973775243 Co 0.3180221169823194 V 
Atom 8 weights: 0.20784475199615557 Ni 0.22459856717353152 Cr 0.12384384000901102 Co 0.44371284082130186 V 
Atom 9 weights: 0.20214972647686538 Ni 0.22218932555440274 Cr 0.2247896738673691 Co 0.3508712741013628 V 
Atom 10 weights: 0.29649787966151614 Ni 0.2235908784182964 Cr 0.23130144359755814 Co 0.24860979832262944 V 
Atom 11 weights: 0.2307643718580737 Ni 0.2459863251953763 Cr 0.25126491421090263 Co 0.2719843887356474 V 
Atom 12 weights: 0.23555029641370198 Ni 0.20032795845447804 Cr 0.24475857700989226 Co 0.3193631681219278 V 
Atom 13 weights: 0.3654966151352384 Ni 0.28250434741978925 Cr 0.35139023409228837 Co 0.0006088033526840641 V 
Atom 14 weights: 0.3695753952663515 Ni 0.26816079211717714 Cr 0.33684632452669544 Co 0.0254174880897759 V 
Atom 15 weights: 0.3668370897012087 Ni 0.2918251843514281 Cr 0.34133772594736317 Co 0.0 V 
Atom 16 weights: 0.37975169275697185 Ni 0.24055128085383232 Cr 0.32947432193639586 Co 0.05022270445279995 V 
HEA binding free energy: 0.5747486644284079 eV, Target: 1.6 eV
Entropy: 20.850360989944786

Iteration 10, eta = 0.4
Atom 1 weights: 0.28517940970640554 Ni 0.1440080707428103 Cr 0.23904835757421625 Co 0.3317641619765679 V 
Atom 2 weights: 0.21441712402390117 Ni 0.23867668247329188 Cr 0.19268056679721085 Co 0.3542256267055961 V 
Atom 3 weights: 0.23969483111568268 Ni 0.23004448638520716 Cr 0.22096611281222084 Co 0.30929456968688934 V 
Atom 4 weights: 0.2169887591051674 Ni 0.22509887296607514 Cr 0.23324094803660164 Co 0.3246714198921558 V 
Atom 5 weights: 0.16877557052146316 Ni 0.2070356222384749 Cr 0.18673087649254472 Co 0.4374579307475172 V 
Atom 6 weights: 0.23733539175272447 Ni 0.21789278961680977 Cr 0.20298110172539707 Co 0.3417907169050686 V 
Atom 7 weights: 0.18676527132871854 Ni 0.30026591228873706 Cr 0.19493252258298713 Co 0.3180362937995571 V 
Atom 8 weights: 0.2078462865582908 Ni 0.2246001400458246 Cr 0.12384147849228205 Co 0.4437120949036025 V 
Atom 9 weights: 0.2021688634764952 Ni 0.22219218565042756 Cr 0.2248085264093456 Co 0.3508304244637317 V 
Atom 10 weights: 0.2965281753152983 Ni 0.2235952107855435 Cr 0.23132661908419072 Co 0.24854999481496756 V 
Atom 11 weights: 0.23078601312923497 Ni 0.24599126986151393 Cr 0.2512863028141529 Co 0.27193641419509823 V 
Atom 12 weights: 0.2355492345500018 Ni 0.2003258456980084 Cr 0.24475829875686195 Co 0.3193666209951279 V 
Atom 13 weights: 0.3655054729241683 Ni 0.28250251562975676 Cr 0.3513975145895624 Co 0.0005944968565125964 V 
Atom 14 weights: 0.3695947291471471 Ni 0.26816372146207423 Cr 0.33686281866751977 Co 0.02537873072325905 V 
Atom 15 weights: 0.3668431352847522 Ni 0.2918156165292557 Cr 0.3413412481859921 Co 0.0 V 
Atom 16 weights: 0.3797733938617548 Ni 0.24055263749725955 Cr 0.32949199735047696 Co 0.05018197129050867 V 
HEA binding free energy: 0.576096356961006 eV, Target: 1.6 eV
Entropy: 20.849957871141395

Iteration 11, eta = 0.4
Atom 1 weights: 0.2883047307603975 Ni 0.14180943652126432 Cr 0.24083871420066708 Co 0.32904711851767116 V 
Atom 2 weights: 0.21388054845147647 Ni 0.238524727690204 Cr 0.19212165615512508 Co 0.3554730677031945 V 
Atom 3 weights: 0.23932435005424105 Ni 0.22988581400943905 Cr 0.22056365583095647 Co 0.3102261801053634 V 
Atom 4 weights: 0.21687855061795472 Ni 0.22502651874768076 Cr 0.23315932339481585 Co 0.3249356072395487 V 
Atom 5 weights: 0.16845050094013525 Ni 0.20698412826590912 Cr 0.1864749846724666 Co 0.4380903861214892 V 
Atom 6 weights: 0.2373926000122693 Ni 0.21789950697694166 Cr 0.20299119535608384 Co 0.34171669765470525 V 
Atom 7 weights: 0.18661760239138775 Ni 0.3004133027817446 Cr 0.19482644932562315 Co 0.31814264550124466 V 
Atom 8 weights: 0.20777149571941414 Ni 0.2246259780899868 Cr 0.12364196861254267 Co 0.4439605575780563 V 
Atom 9 weights: 0.20215545466509982 Ni 0.22215897995891007 Cr 0.22483139514356565 Co 0.3508541702324245 V 
Atom 10 weights: 0.29703965337951854 Ni 0.2236352486995984 Cr 0.2316946787775042 Co 0.24763041914337894 V 
Atom 11 weights: 0.2310782091464695 Ni 0.24606315146404267 Cr 0.25159860973859816 Co 0.2712600296508895 V 
Atom 12 weights: 0.2354529980985408 Ni 0.20024766964666574 Cr 0.24469455934123563 Co 0.3196047729135578 V 
Atom 13 weights: 0.36564573284963864 Ni 0.28244128467795304 Cr 0.35150153670434897 Co 0.00041144576805939286 V 
Atom 14 weights: 0.3698272751871192 Ni 0.26819685138367866 Cr 0.3370330217008217 Co 0.024942851728380403 V 
Atom 15 weights: 0.36682774891427006 Ni 0.29159190223745257 Cr 0.34127057073809086 Co 0.0003097781101865348 V 
Atom 16 weights: 0.38009661888226265 Ni 0.24053500513367132 Cr 0.32971056741880966 Co 0.04965780856525638 V 
HEA binding free energy: 0.6029330788962345 eV, Target: 1.6 eV
Entropy: 20.84608896208027

Iteration 12, eta = 0.4
Atom 1 weights: 0.28834102176316945 Ni 0.14178341256592625 Cr 0.24085932722002087 Co 0.32901623845088357 V 
Atom 2 weights: 0.21387548765630213 Ni 0.23852321470100055 Cr 0.19211624844518796 Co 0.3554850491975094 V 
Atom 3 weights: 0.23932148920637739 Ni 0.22988425707026874 Cr 0.22056031945144425 Co 0.3102339342719096 V 
Atom 4 weights: 0.21687725469721655 Ni 0.22502583241735383 Cr 0.2331584254078479 Co 0.3249384874775818 V 
Atom 5 weights: 0.1684467322305811 Ni 0.20698353305744555 Cr 0.18647203014048205 Co 0.4380977045714913 V 
Atom 6 weights: 0.2373950010990951 Ni 0.21789985195379843 Cr 0.20299289569777657 Co 0.34171225124932997 V 
Atom 7 weights: 0.18661471545681135 Ni 0.30041483603971214 Cr 0.1948241387149316 Co 0.31814630978854486 V 
Atom 8 weights: 0.20777223273696396 Ni 0.2246266571446226 Cr 0.12364110292647963 Co 0.44396000719193385 V 
Atom 9 weights: 0.20215579458482458 Ni 0.22215870621121656 Cr 0.2248321408881745 Co 0.3508533583157844 V 
Atom 10 weights: 0.2970455359916187 Ni 0.22363573938159845 Cr 0.23169888075350292 Co 0.24761984387328 V 
Atom 11 weights: 0.2310808584421014 Ni 0.2460638792616696 Cr 0.2516015672003362 Co 0.2712536950958927 V 
Atom 12 weights: 0.23544882904035275 Ni 0.20024619366724566 Cr 0.2446909888090741 Co 0.31961398848332756 V 
Atom 13 weights: 0.3656467953092685 Ni 0.28244025984136545 Cr 0.35150219136667044 Co 0.00041075348269565377 V 
Atom 14 weights: 0.3698300039252587 Ni 0.2681971888387657 Cr 0.3370349974181342 Co 0.024937809817841407 V 
Atom 15 weights: 0.3668268583794512 Ni 0.29158904813595155 Cr 0.3412690655763515 Co 0.00031502790824575546 V 
Atom 16 weights: 0.3801007155757177 Ni 0.24053479415694137 Cr 0.3297133877613289 Co 0.04965110250601207 V 
HEA binding free energy: 0.6279892584761683 eV, Target: 1.6 eV
Entropy: 20.84606323875735

Iteration 13, eta = 0.4
Atom 1 weights: 0.5020567375019933 Ni 5.551115123125783e-17 Cr 0.36225095733031865 Co 0.13569230516768804 V 
Atom 2 weights: 0.18425857366920764 Ni 0.2296588331724543 Cr 0.16046751220111793 Co 0.4256150809572201 V 
Atom 3 weights: 0.2221303647832354 Ni 0.22065726299850513 Cr 0.2006166033067442 Co 0.35659576891151534 V 
Atom 4 weights: 0.20686969773549096 Ni 0.22056392947433898 Cr 0.2256615706241596 Co 0.34690480216601055 V 
Atom 5 weights: 0.14322391615798477 Ni 0.20280774488900724 Cr 0.1662171654476243 Co 0.4877511735053838 V 
Atom 6 weights: 0.24941160602715984 Ni 0.2194599200511772 Cr 0.21102140802903568 Co 0.3201070658926272 V 
Atom 7 weights: 0.16657434509594152 Ni 0.308603375918869 Cr 0.17834783054114153 Co 0.34647444844404796 V 
Atom 8 weights: 0.20830608471331372 Ni 0.2277752061617077 Cr 0.11499872345227079 Co 0.4489199856727077 V 
Atom 9 weights: 0.2065524336034252 Ni 0.2211296864718305 Cr 0.23146381746380745 Co 0.34085406246093686 V 
Atom 10 weights: 0.3313573244889523 Ni 0.22648005698093118 Cr 0.2561513247495549 Co 0.18601129378056167 V 
Atom 11 weights: 0.24578325399404707 Ni 0.25011840944864966 Cr 0.26815480846609935 Co 0.235943528091204 V 
Atom 12 weights: 0.21383432627491322 Ni 0.19234390470411084 Cr 0.22644324996318932 Co 0.36737851905778673 V 
Atom 13 weights: 0.37126757284657746 Ni 0.2741463181389417 Cr 0.35458610901448095 Co 0.0 V 
Atom 14 weights: 0.3848313135673757 Ni 0.26770479746730885 Cr 0.3474638889653155 Co 0.0 V 
Atom 15 weights: 0.36198968827178013 Ni 0.27459102452681444 Cr 0.3327489687281867 Co 0.030670318473218633 V 
Atom 16 weights: 0.40618107172544143 Ni 0.23958333746016644 Cr 0.34813865772925195 Co 0.006096933085140241 V 
HEA binding free energy: 1.3244780696981926 eV, Target: 1.6 eV
Entropy: 20.188054956711085

Iteration 14, eta = 0.4
Atom 1 weights: 0.5023338854880111 Ni 1.4322433725112104e-16 Cr 0.3623753710341894 Co 0.1352907434777995 V 
Atom 2 weights: 0.18420708310148118 Ni 0.2296427680291221 Cr 0.16041141087153796 Co 0.4257387379978588 V 
Atom 3 weights: 0.22209926596032953 Ni 0.22064022720057508 Cr 0.20058002792914292 Co 0.3566804789099525 V 
Atom 4 weights: 0.2068539532351987 Ni 0.220555442809433 Cr 0.22565038934248313 Co 0.3469402146128852 V 
Atom 5 weights: 0.1431834162228096 Ni 0.20279925427681333 Cr 0.16618516576661033 Co 0.4878321637337668 V 
Atom 6 weights: 0.24943100781354957 Ni 0.21946058654825257 Cr 0.21103240181160735 Co 0.3200760038265905 V 
Atom 7 weights: 0.16653648984502953 Ni 0.30861870527158697 Cr 0.17831624171213623 Co 0.34652856317124725 V 
Atom 8 weights: 0.20831116231932498 Ni 0.22777986857551885 Cr 0.11498399273680746 Co 0.4489249763683488 V 
Atom 9 weights: 0.20656003636544779 Ni 0.22112735506859169 Cr 0.231476121373337 Co 0.34083648719262355 V 
Atom 10 weights: 0.3314130674845998 Ni 0.22648276898675773 Cr 0.25618786687645084 Co 0.18591629665219161 V 
Atom 11 weights: 0.24580723072553992 Ni 0.25012500164041745 Cr 0.2681827566783545 Co 0.23588501095568803 V 
Atom 12 weights: 0.2137937207455799 Ni 0.19232741956241284 Cr 0.22640883463196412 Co 0.3674700250600433 V 
Atom 13 weights: 0.3712772717309457 Ni 0.27412760946076453 Cr 0.3545907916344448 Co 4.327173845063544e-06 V 
Atom 14 weights: 0.3848440520579459 Ni 0.26768834501055744 Cr 0.3474676029314967 Co 0.0 V 
Atom 15 weights: 0.36199513607353506 Ni 0.27457196605564194 Cr 0.3327470374413415 Co 0.030685860429481647 V 
Atom 16 weights: 0.40623132689691954 Ni 0.23958144082477986 Cr 0.3481738044979183 Co 0.006013427780382362 V 
HEA binding free energy: 1.3285586392651 eV, Target: 1.6 eV
Entropy: 20.1868965735418

Iteration 15, eta = 0.4
Atom 1 weights: 0.5066289958284915 Ni 8.604228440844963e-16 Cr 0.3640378147907508 Co 0.12933318938075689 V 
Atom 2 weights: 0.18325432485124135 Ni 0.22936107025156335 Cr 0.15937121748050057 Co 0.4280133874166947 V 
Atom 3 weights: 0.22120496391897007 Ni 0.22028764522028732 Cr 0.19960881160661656 Co 0.358898579254126 V 
Atom 4 weights: 0.20673628146452336 Ni 0.22040374863932904 Cr 0.22559891648252856 Co 0.3472610534136189 V 
Atom 5 weights: 0.1428778476865328 Ni 0.20271611179962648 Cr 0.16600831965533155 Co 0.4883977208585093 V 
Atom 6 weights: 0.24948082633735816 Ni 0.21941941145508376 Cr 0.21094138906018609 Co 0.32015837314737194 V 
Atom 7 weights: 0.16592518151630448 Ni 0.30894607380947775 Cr 0.17781761784433034 Co 0.34731112682988746 V 
Atom 8 weights: 0.20851685765290348 Ni 0.2278782937076931 Cr 0.11479417411643766 Co 0.4488106745229657 V 
Atom 9 weights: 0.20637000652604598 Ni 0.22098289951410038 Cr 0.23139400719979197 Co 0.3412530867600617 V 
Atom 10 weights: 0.3321052444842849 Ni 0.2264563440953962 Cr 0.2565318764531147 Co 0.18490653496720424 V 
Atom 11 weights: 0.24633788457660283 Ni 0.25025300049155014 Cr 0.26878261004928067 Co 0.23462650488256637 V 
Atom 12 weights: 0.21337464738683842 Ni 0.19202211898135405 Cr 0.22607410002568593 Co 0.3685291336061216 V 
Atom 13 weights: 0.3715440038113023 Ni 0.2737100257791371 Cr 0.3547459704095605 Co 0.0 V 
Atom 14 weights: 0.38513671441628067 Ni 0.2672888225179953 Cr 0.34757446306572404 Co 0.0 V 
Atom 15 weights: 0.36211554876297236 Ni 0.27427696668165347 Cr 0.3327308780395606 Co 0.03087660651581368 V 
Atom 16 weights: 0.40716018760773626 Ni 0.23953899354128072 Cr 0.3488107354740017 Co 0.004490083376981384 V 
HEA binding free energy: 1.3234378052550972 eV, Target: 1.6 eV
Entropy: 20.16682082272936

Iteration 16, eta = 0.4
Atom 1 weights: 0.5263352065677761 Ni 2.7755575615628914e-17 Cr 0.37176368176124863 Co 0.10190111167097521 V 
Atom 2 weights: 0.17822652797618313 Ni 0.22797180156365904 Cr 0.15402146671922226 Co 0.43978020374093557 V 
Atom 3 weights: 0.21691749940777175 Ni 0.21869596876904843 Cr 0.19501589025163668 Co 0.36937064157154315 V 
Atom 4 weights: 0.2064981715363285 Ni 0.21979278078765185 Cr 0.2256374691048277 Co 0.348071578571192 V 
Atom 5 weights: 0.14095211250203124 Ni 0.20224240038083147 Cr 0.16469605657144995 Co 0.4921094305456874 V 
Atom 6 weights: 0.24957125796009316 Ni 0.21923019878215866 Cr 0.210422531582666 Co 0.3207760116750823 V 
Atom 7 weights: 0.1628036310186756 Ni 0.3103167848092073 Cr 0.1752291897364046 Co 0.35165039443571244 V 
Atom 8 weights: 0.2092600283939296 Ni 0.22830893117479795 Cr 0.1138005624925673 Co 0.44863047793870514 V 
Atom 9 weights: 0.20566663933817922 Ni 0.22039762530952972 Cr 0.23116712489289729 Co 0.3427686104593939 V 
Atom 10 weights: 0.3351594963246307 Ni 0.22633452520572625 Cr 0.25804050091302194 Co 0.18046547755662112 V 
Atom 11 weights: 0.2486108966203857 Ni 0.2507993730581277 Cr 0.27136607154831405 Co 0.22922365877317252 V 
Atom 12 weights: 0.21115374858235597 Ni 0.1906228182705899 Cr 0.22425916618757655 Co 0.3739642669594776 V 
Atom 13 weights: 0.37285560992714634 Ni 0.27161542080563417 Cr 0.3555289692672195 Co 5.551115123125783e-17 V 
Atom 14 weights: 0.386683846023336 Ni 0.2650807662462683 Cr 0.34823538773039575 Co 5.551115123125783e-17 V 
Atom 15 weights: 0.36280779295226095 Ni 0.2729534187620489 Cr 0.3327991829678789 Co 0.03143960531781126 V 
Atom 16 weights: 0.4107520285202962 Ni 0.23819586827262246 Cr 0.3510521032070813 Co 0.0 V 
HEA binding free energy: 1.4010394858082162 eV, Target: 1.6 eV
Entropy: 20.070273180796406

Iteration 17, eta = 0.4
Atom 1 weights: 0.5361648709340959 Ni 0.0 Cr 0.37549568850918524 Co 0.08833944055671866 V 
Atom 2 weights: 0.1757021475138794 Ni 0.22726490898951532 Cr 0.1513145737818579 Co 0.44571836971474743 V 
Atom 3 weights: 0.21474572434910916 Ni 0.21787105885844482 Cr 0.19267434684009405 Co 0.3747088699523521 V 
Atom 4 weights: 0.2062399254714833 Ni 0.21943676451536584 Cr 0.22553524886536783 Co 0.3487880611477831 V 
Atom 5 weights: 0.13986549697370804 Ni 0.20195985192073548 Cr 0.16393473656970484 Co 0.4942399145358516 V 
Atom 6 weights: 0.24957924387602765 Ni 0.219102793713868 Cr 0.21009909179135006 Co 0.3212188706187542 V 
Atom 7 weights: 0.16111969884259034 Ni 0.3110259398462374 Cr 0.17382299722760816 Co 0.35403136408356417 V 
Atom 8 weights: 0.20953348758392715 Ni 0.2284914485140525 Cr 0.11314091577407424 Co 0.4488341481279461 V 
Atom 9 weights: 0.20522136851961015 Ni 0.22007352281334586 Cr 0.23098266481713758 Co 0.3437224438499064 V 
Atom 10 weights: 0.33678992010459485 Ni 0.22626500355192444 Cr 0.25884029456938196 Co 0.17810478177409877 V 
Atom 11 weights: 0.24973960414790752 Ni 0.2510681543057769 Cr 0.2726653886778079 Co 0.22652685286850766 V 
Atom 12 weights: 0.20990397967578747 Ni 0.18985973999807215 Cr 0.22322863781170457 Co 0.37700764251443586 V 
Atom 13 weights: 0.37358775977465364 Ni 0.2704395085071042 Cr 0.35597273171824223 Co 5.551115123125783e-17 V 
Atom 14 weights: 0.3875670642309688 Ni 0.26380312297087416 Cr 0.348629812798157 Co 0.0 V 
Atom 15 weights: 0.3635600299866794 Ni 0.2724456886252185 Cr 0.33320058771654243 Co 0.030793693671559697 V 
Atom 16 weights: 0.4118984749168039 Ni 0.23663163648359004 Cr 0.351469888599606 Co 0.0 V 
HEA binding free energy: 1.4292624926370436 eV, Target: 1.6 eV
Entropy: 20.026494376445566

Iteration 18, eta = 0.4
Atom 1 weights: 0.5821025418528595 Ni 0.0 Cr 0.39288544556206 Co 0.025012012585080526 V 
Atom 2 weights: 0.1637727787477304 Ni 0.22392782533969507 Cr 0.13853080962696449 Co 0.4737685862856099 V 
Atom 3 weights: 0.20445793062468304 Ni 0.2139771284404507 Cr 0.18159365153481583 Co 0.39997128940005044 V 
Atom 4 weights: 0.2050402189289765 Ni 0.21777590127504567 Cr 0.22507232674675698 Co 0.3521115530492209 V 
Atom 5 weights: 0.13482695655730614 Ni 0.20064047597337564 Cr 0.16041952462738465 Co 0.5041130428419336 V 
Atom 6 weights: 0.24974933671044833 Ni 0.21852439389030062 Cr 0.2086986085053508 Co 0.3230276608939002 V 
Atom 7 weights: 0.15331080872172295 Ni 0.3143844860258533 Cr 0.1673109711443237 Co 0.3649937341081 V 
Atom 8 weights: 0.21088128144576573 Ni 0.22935660420794793 Cr 0.11009085585972352 Co 0.44967125848656286 V 
Atom 9 weights: 0.20314301828036588 Ni 0.2185521073170701 Cr 0.2301298896860669 Co 0.3481749847164972 V 
Atom 10 weights: 0.3441964749027342 Ni 0.22588859222288174 Cr 0.262356438338343 Co 0.16755849453604105 V 
Atom 11 weights: 0.25485048058219417 Ni 0.2522962099914637 Cr 0.2785937043306882 Co 0.21425960509565395 V 
Atom 12 weights: 0.20418860736905595 Ni 0.1862983087615697 Cr 0.21853159254119658 Co 0.39098149132817783 V 
Atom 13 weights: 0.37703752800462514 Ni 0.2648965130350679 Cr 0.35806595896030685 Co 1.1102230246251565e-16 V 
Atom 14 weights: 0.3916841559348808 Ni 0.2578588968121253 Cr 0.35045694725299376 Co 0.0 V 
Atom 15 weights: 0.36706930535974847 Ni 0.2700733091826302 Cr 0.33506419624593664 Co 0.027793189211684777 V 
Atom 16 weights: 0.4172972789190057 Ni 0.2292623294036124 Cr 0.3534403916773819 Co 0.0 V 
HEA binding free energy: 1.524681023145746 eV, Target: 1.6 eV
Entropy: 19.775839183862843

Iteration 19, eta = 0.4
Atom 1 weights: 0.5820232648473992 Ni 0.0 Cr 0.39285459195304057 Co 0.025122143199560264 V 
Atom 2 weights: 0.1637936824426783 Ni 0.22393355825704286 Cr 0.13855299331925144 Co 0.4737197659810274 V 
Atom 3 weights: 0.2044764716112516 Ni 0.2139838173613614 Cr 0.18161336004268883 Co 0.3999263509846982 V 
Atom 4 weights: 0.20504150592999545 Ni 0.21777848809575268 Cr 0.22507247238271896 Co 0.3521075335915328 V 
Atom 5 weights: 0.1348354366162747 Ni 0.2006425503440765 Cr 0.16042546998988969 Co 0.5040965430497591 V 
Atom 6 weights: 0.24974943491125415 Ni 0.218525292071103 Cr 0.2087011769345073 Co 0.32302409608313554 V 
Atom 7 weights: 0.1533245895881695 Ni 0.3143791730216959 Cr 0.16732252182244978 Co 0.364973715567685 V 
Atom 8 weights: 0.21087919625905016 Ni 0.22935506807225486 Cr 0.11009581088447976 Co 0.44966992478421525 V 
Atom 9 weights: 0.20314561777437326 Ni 0.21855445541361462 Cr 0.2301305691313769 Co 0.3481693576806353 V 
Atom 10 weights: 0.3441843346021052 Ni 0.22588914066631025 Cr 0.2623505838765008 Co 0.16757594085508382 V 
Atom 11 weights: 0.25484185072148446 Ni 0.25229413272784834 Cr 0.27858377069496204 Co 0.2142802458557051 V 
Atom 12 weights: 0.20419853345738118 Ni 0.18630421386547902 Cr 0.2185398177056559 Co 0.39095743497148394 V 
Atom 13 weights: 0.377031377253164 Ni 0.26490608077869776 Cr 0.358062127751743 Co 4.1421639521249024e-07 V 
Atom 14 weights: 0.39167724324658726 Ni 0.2578689481050481 Cr 0.3504538086483645 Co 2.8397995173110066e-17 V 
Atom 15 weights: 0.36706352235773215 Ni 0.2700775086365422 Cr 0.3350611270175017 Co 0.02779784198822407 V 
Atom 16 weights: 0.41728761613031184 Ni 0.22927460889803475 Cr 0.35343640377378915 Co 1.3711978642394473e-06 V 
HEA binding free energy: 1.5657102410376043 eV, Target: 1.6 eV
Entropy: 19.776392855823623

Iteration 20, eta = 0.8
Atom 1 weights: 0.5820232648473992 Ni 0.0 Cr 0.39285459195304057 Co 0.025122143199560264 V 
Atom 2 weights: 0.1637936824426783 Ni 0.22393355825704286 Cr 0.13855299331925144 Co 0.4737197659810274 V 
Atom 3 weights: 0.2044764716112516 Ni 0.2139838173613614 Cr 0.18161336004268883 Co 0.3999263509846982 V 
Atom 4 weights: 0.20504150592999545 Ni 0.21777848809575268 Cr 0.22507247238271896 Co 0.3521075335915328 V 
Atom 5 weights: 0.1348354366162747 Ni 0.2006425503440765 Cr 0.16042546998988969 Co 0.5040965430497591 V 
Atom 6 weights: 0.24974943491125415 Ni 0.218525292071103 Cr 0.2087011769345073 Co 0.32302409608313554 V 
Atom 7 weights: 0.1533245895881695 Ni 0.3143791730216959 Cr 0.16732252182244978 Co 0.364973715567685 V 
Atom 8 weights: 0.21087919625905016 Ni 0.22935506807225486 Cr 0.11009581088447976 Co 0.44966992478421525 V 
Atom 9 weights: 0.20314561777437326 Ni 0.21855445541361462 Cr 0.2301305691313769 Co 0.3481693576806353 V 
Atom 10 weights: 0.3441843346021052 Ni 0.22588914066631025 Cr 0.2623505838765008 Co 0.16757594085508382 V 
Atom 11 weights: 0.25484185072148446 Ni 0.25229413272784834 Cr 0.27858377069496204 Co 0.2142802458557051 V 
Atom 12 weights: 0.20419853345738118 Ni 0.18630421386547902 Cr 0.2185398177056559 Co 0.39095743497148394 V 
Atom 13 weights: 0.377031377253164 Ni 0.26490608077869776 Cr 0.358062127751743 Co 4.1421639521249024e-07 V 
Atom 14 weights: 0.39167724324658726 Ni 0.2578689481050481 Cr 0.3504538086483645 Co 2.8397995173110066e-17 V 
Atom 15 weights: 0.36706352235773215 Ni 0.2700775086365422 Cr 0.3350611270175017 Co 0.02779784198822407 V 
Atom 16 weights: 0.41728761613031184 Ni 0.22927460889803475 Cr 0.35343640377378915 Co 1.3711978642394473e-06 V 
HEA binding free energy: 1.5308665090353641 eV, Target: 1.6 eV
Entropy: 19.776392855823623

Iteration 21, eta = 0.8
Atom 1 weights: 0.5824832816786362 Ni 0.0 Cr 0.39296698959738496 Co 0.024549728723978894 V 
Atom 2 weights: 0.16386789266431295 Ni 0.2239259173767968 Cr 0.13856715904758146 Co 0.47363903091130877 V 
Atom 3 weights: 0.20465791323748372 Ni 0.21396718909236156 Cr 0.18173634858722132 Co 0.3996385490829334 V 
Atom 4 weights: 0.20509284550432955 Ni 0.21774558793327806 Cr 0.2251467999086925 Co 0.3520147666536999 V 
Atom 5 weights: 0.13477921487774128 Ni 0.20058385299689152 Cr 0.16040181191735492 Co 0.5042351202080123 V 
Atom 6 weights: 0.24988851827281847 Ni 0.21849893974440132 Cr 0.20876213187752982 Co 0.3228504101052505 V 
Atom 7 weights: 0.15328710612516439 Ni 0.3145116289052568 Cr 0.16729928558159668 Co 0.36490197938798224 V 
Atom 8 weights: 0.21094348444275993 Ni 0.22934312539299428 Cr 0.1099822461782734 Co 0.4497311439859724 V 
Atom 9 weights: 0.20295229734087716 Ni 0.21848373408550406 Cr 0.2299910999573194 Co 0.34857286861629944 V 
Atom 10 weights: 0.3442522441898673 Ni 0.22583215015603803 Cr 0.26228779963936066 Co 0.16762780601473407 V 
Atom 11 weights: 0.25475445580663003 Ni 0.2522797507098693 Cr 0.27854252515768985 Co 0.21442326832581082 V 
Atom 12 weights: 0.2040704910059915 Ni 0.18619111220705026 Cr 0.2184399036510252 Co 0.3912984931359331 V 
Atom 13 weights: 0.37700516536542916 Ni 0.2648930973716016 Cr 0.35802337891017477 Co 7.835835279454223e-05 V 
Atom 14 weights: 0.391718364572664 Ni 0.25784070720472274 Cr 0.3504409282226133 Co 8.213607896846825e-17 V 
Atom 15 weights: 0.3670235470439259 Ni 0.2700717016570638 Cr 0.33498667096654217 Co 0.027918080332468183 V 
Atom 16 weights: 0.41735108288170786 Ni 0.22920898297282738 Cr 0.35341071519362677 Co 2.9218951838070517e-05 V 
HEA binding free energy: 1.5655547676440993 eV, Target: 1.6 eV
Entropy: 19.77559035511134

Iteration 22, eta = 0.8
Atom 1 weights: 0.6047109390054641 Ni 0.0 Cr 0.39528906099453587 Co 0.0 V 
Atom 2 weights: 0.16393090250542913 Ni 0.22274370439219546 Cr 0.13547606655499525 Co 0.4778493265473802 V 
Atom 3 weights: 0.21017144426120224 Ni 0.21211100185331408 Cr 0.1842343811815984 Co 0.3934831727038852 V 
Atom 4 weights: 0.20556787993877992 Ni 0.21537714610431527 Cr 0.22714703036864792 Co 0.35190794358825683 V 
Atom 5 weights: 0.1287671013997605 Ni 0.19669780485069877 Cr 0.156486872935781 Co 0.5180482208137598 V 
Atom 6 weights: 0.25508203499996307 Ni 0.21642991214544827 Cr 0.20961752486093885 Co 0.31887052799364984 V 
Atom 7 weights: 0.1485998684477127 Ni 0.32170197953935387 Cr 0.16362545545776683 Co 0.3660726965551666 V 
Atom 8 weights: 0.21204577516538695 Ni 0.22819301506757828 Cr 0.10095017619126766 Co 0.4588110335757673 V 
Atom 9 weights: 0.19401963020637714 Ni 0.21474621663781443 Cr 0.2240132815889551 Co 0.36722087156685335 V 
Atom 10 weights: 0.3500332747837195 Ni 0.22286430318529288 Cr 0.2603560986755781 Co 0.16674632335540956 V 
Atom 11 weights: 0.25159472048174253 Ni 0.25180870584001563 Cr 0.2779324559592444 Co 0.2186641177189975 V 
Atom 12 weights: 0.19761434610756895 Ni 0.17974713805848277 Cr 0.21353717498077293 Co 0.40910134085317534 V 
Atom 13 weights: 0.37847580205859777 Ni 0.2631397296494533 Cr 0.3583844682919489 Co 5.551115123125783e-17 V 
Atom 14 weights: 0.39522262372853256 Ni 0.25426305864435084 Cr 0.35051431762711666 Co 0.0 V 
Atom 15 weights: 0.3693845518882102 Ni 0.2705161629774473 Cr 0.33496760299718215 Co 0.02513168213716029 V 
