   Eewald =     4173.1303421153334057
       EH =     5442.6070596250137896
     Eloc =   -11282.8595497890473780
      Enl =     -217.4767817494741848
   Epulay =       -0.0003063872762097
      Exc =     -198.9916832610204835
       KE =      672.4648446835045661
        U =        0.9224609536029429
-------------------------------------
     Etot =    -1410.2036138093637874
       TS =        0.0013405925240376
-------------------------------------
        F =    -1410.2049544018877896
