Initilizing minimization for species Ni Cr Co V 

Target: 1.6 eV
Performing first surface calculations...
Surface calculations successfully finished.
Initial entropy parameter eta set to 0.05
_____________________________________________________________________
Beginning minimzation


Iteration 1, eta = 0.05
Atom 1 weights: 0.30454126182956354 Ni 0.2312879387645396 Cr 0.20977417192429088 Co 0.254396627481606 V 
Atom 2 weights: 0.24291634236391604 Ni 0.2564285814757703 Cr 0.2548901375496869 Co 0.24576493861062682 V 
Atom 3 weights: 0.24883350729838186 Ni 0.27722105900750355 Cr 0.22979007237564059 Co 0.24415536131847415 V 
Atom 4 weights: 0.25421483976509923 Ni 0.25950837026367696 Cr 0.2197272735741714 Co 0.26654951639705227 V 
Atom 5 weights: 0.2754609611359719 Ni 0.244137049384237 Cr 0.2151927968234793 Co 0.26520919265631177 V 
Atom 6 weights: 0.20320288682118626 Ni 0.23741995730863474 Cr 0.3019322463521184 Co 0.2574449095180607 V 
Atom 7 weights: 0.22640915911776954 Ni 0.2235804964336547 Cr 0.25920138256424524 Co 0.2908089618843305 V 
Atom 8 weights: 0.25797089704934123 Ni 0.21216053350472341 Cr 0.2638631315134329 Co 0.2660054379325024 V 
Atom 9 weights: 0.25817614076847945 Ni 0.23514291203849566 Cr 0.25404172829337995 Co 0.25263921889964497 V 
Atom 10 weights: 0.274006335473106 Ni 0.2706762011276888 Cr 0.20555580454626093 Co 0.2497616588529443 V 
Atom 11 weights: 0.2665331939554553 Ni 0.25644332362727745 Cr 0.24765770732590534 Co 0.22936577509136183 V 
Atom 12 weights: 0.2899401866766481 Ni 0.2219302241687984 Cr 0.28359669130599086 Co 0.20453289784856274 V 
Atom 13 weights: 0.2888982826630584 Ni 0.2330753770410885 Cr 0.21355761802055528 Co 0.2644687222752978 V 
Atom 14 weights: 0.311693511497383 Ni 0.24046710793514606 Cr 0.22878360552514876 Co 0.21905577504232215 V 
Atom 15 weights: 0.2948568335288469 Ni 0.23511530071959424 Cr 0.2364778490698297 Co 0.2335500166817292 V 
Atom 16 weights: 0.24594559463854726 Ni 0.26460961836081537 Cr 0.2636383135938709 Co 0.22580647340676643 V 
HEA binding free energy: 0.5887027028316321 eV, Target: 1.6 eV
Entropy: 22.09767291694512

Iteration 2, eta = 0.05
Atom 1 weights: 0.31077043499533713 Ni 0.2295423740957359 Cr 0.2143747087832944 Co 0.24531248212563253 V 
Atom 2 weights: 0.24616371661330239 Ni 0.25694530114533687 Cr 0.257864232556523 Co 0.23902674968483767 V 
Atom 3 weights: 0.25217628862996594 Ni 0.2777780399598969 Cr 0.23284328592558268 Co 0.23720238548455447 V 
Atom 4 weights: 0.2575219165161118 Ni 0.2600890484850405 Cr 0.2227667843004069 Co 0.25962225069844086 V 
Atom 5 weights: 0.2766628154143812 Ni 0.24435456412251189 Cr 0.21628992059895485 Co 0.2626926998641521 V 
Atom 6 weights: 0.204030262180565 Ni 0.23760695680446048 Cr 0.30273749607836314 Co 0.25562528493661146 V 
Atom 7 weights: 0.22757637166795883 Ni 0.2238202047124062 Cr 0.26030506450340674 Co 0.28829835911622814 V 
Atom 8 weights: 0.2589085598056176 Ni 0.21231828975536987 Cr 0.2647339732191278 Co 0.2640391772198848 V 
Atom 9 weights: 0.2568818661547815 Ni 0.2349334272967107 Cr 0.2528526833139008 Co 0.25533202323460696 V 
Atom 10 weights: 0.27299095088835684 Ni 0.2705073078634857 Cr 0.20460693909119662 Co 0.2518948021569608 V 
Atom 11 weights: 0.2655263390407323 Ni 0.2562763972304951 Cr 0.24672864018844062 Co 0.2314686235403319 V 
Atom 12 weights: 0.2885669939828126 Ni 0.221714373451788 Cr 0.2823364472083764 Co 0.20738218535702307 V 
Atom 13 weights: 0.28606103617470435 Ni 0.23258926630151963 Cr 0.21092323338396346 Co 0.27042646413981253 V 
Atom 14 weights: 0.308737880502304 Ni 0.2399548577400466 Cr 0.22603694470824504 Co 0.2252703170494044 V 
Atom 15 weights: 0.2919148962926723 Ni 0.23460904030586216 Cr 0.2337502805278668 Co 0.23972578287359866 V 
Atom 16 weights: 0.2429911343842774 Ni 0.2640906885065767 Cr 0.2609207137225112 Co 0.2319974633866346 V 
HEA binding free energy: 0.615094978623661 eV, Target: 1.6 eV
Entropy: 22.1009710385446

Iteration 3, eta = 0.05
Atom 1 weights: 0.317730818129144 Ni 0.22702461589870618 Cr 0.21927716002522332 Co 0.2359674059469265 V 
Atom 2 weights: 0.2481787671756198 Ni 0.25722798804997665 Cr 0.2596948255411888 Co 0.2348984192332147 V 
Atom 3 weights: 0.2542380876371479 Ni 0.2780892811776452 Cr 0.23470679508321987 Co 0.23296583610198707 V 
Atom 4 weights: 0.2596356401924166 Ni 0.26045780921464473 Cr 0.2247011812474312 Co 0.25520536934550736 V 
Atom 5 weights: 0.27752243018228007 Ni 0.24448413926754042 Cr 0.21705744832959722 Co 0.26093598222058234 V 
Atom 6 weights: 0.20473721752641436 Ni 0.23776574608317275 Cr 0.3034378933405458 Co 0.2540591430498671 V 
Atom 7 weights: 0.22811107995581875 Ni 0.2239465447371861 Cr 0.2608260627955821 Co 0.287116312511413 V 
Atom 8 weights: 0.2598195544800515 Ni 0.21244462567968436 Cr 0.2655730593616933 Co 0.2621627604785708 V 
Atom 9 weights: 0.2556723087755727 Ni 0.23475555845325563 Cr 0.25174596471104793 Co 0.2578261680601238 V 
Atom 10 weights: 0.27209243771577873 Ni 0.2703457578362025 Cr 0.20375418480677707 Co 0.2538076196412417 V 
Atom 11 weights: 0.2648132758479537 Ni 0.25614339717702966 Cr 0.24606328343018102 Co 0.23298004354483556 V 
Atom 12 weights: 0.2879614677914733 Ni 0.22164588674259117 Cr 0.281792050993278 Co 0.20860059447265755 V 
Atom 13 weights: 0.2841968429095599 Ni 0.23227168261623332 Cr 0.2091834002389606 Co 0.27434807423524626 V 
Atom 14 weights: 0.30697411703054256 Ni 0.2396528487213628 Cr 0.22438604769900625 Co 0.22898698654908847 V 
Atom 15 weights: 0.2900543404975028 Ni 0.23429604620778333 Cr 0.2320198857148906 Co 0.24362972757982326 V 
Atom 16 weights: 0.2410820736813056 Ni 0.2637647622214872 Cr 0.25917149110530086 Co 0.23598167299190628 V 
HEA binding free energy: 0.6494024937383438 eV, Target: 1.6 eV
Entropy: 22.100734257971226

Iteration 4, eta = 0.05
Atom 1 weights: 0.33185504272455235 Ni 0.22166068733673971 Cr 0.229124636330541 Co 0.21735963360816685 V 
Atom 2 weights: 0.2507445986774709 Ni 0.25754321948995024 Cr 0.26201067856069477 Co 0.22970150327188407 V 
Atom 3 weights: 0.25677999672010066 Ni 0.2784244849347192 Cr 0.23697669392015197 Co 0.22781882442502796 V 
Atom 4 weights: 0.2619897564661091 Ni 0.2608473406557475 Cr 0.22684102593728148 Co 0.250321876940862 V 
Atom 5 weights: 0.2784326735094199 Ni 0.24459493287616726 Cr 0.21784061884871161 Co 0.2591317747657012 V 
Atom 6 weights: 0.20506893143893734 Ni 0.237893297202948 Cr 0.3038464334343714 Co 0.2531913379237432 V 
Atom 7 weights: 0.2282722493255879 Ni 0.22403529962950108 Cr 0.26103100041946464 Co 0.2866614506254465 V 
Atom 8 weights: 0.260790148811114 Ni 0.21255329069541384 Cr 0.26646493199126775 Co 0.2601916285022046 V 
Atom 9 weights: 0.2531517660012786 Ni 0.23431751602534168 Cr 0.24941803241456698 Co 0.26311268555881284 V 
Atom 10 weights: 0.2709482476088071 Ni 0.2701513223355995 Cr 0.20265187880674224 Co 0.2562485512488512 V 
Atom 11 weights: 0.2638813902226767 Ni 0.255972608814753 Cr 0.2451899560676288 Co 0.23495604489494157 V 
Atom 12 weights: 0.285410510172631 Ni 0.22124612664550072 Cr 0.27944886875738667 Co 0.21389449442448155 V 
Atom 13 weights: 0.28273148465683734 Ni 0.23203379195576446 Cr 0.20778382593570874 Co 0.27745089745168944 V 
Atom 14 weights: 0.30570745564760193 Ni 0.23944656595858987 Cr 0.22316513145617084 Co 0.23168084693763735 V 
Atom 15 weights: 0.2890034621760656 Ni 0.23412312617396874 Cr 0.23101636759776595 Co 0.24585704405219966 V 
Atom 16 weights: 0.23942807876446856 Ni 0.2635206369000661 Cr 0.25766845878065076 Co 0.23938282555481463 V 
HEA binding free energy: 0.724901710743018 eV, Target: 1.6 eV
Entropy: 22.0966690300817

Iteration 5, eta = 0.05
Atom 1 weights: 0.3292018585699604 Ni 0.22150639653746484 Cr 0.22678913768083336 Co 0.22250260721174137 V 
Atom 2 weights: 0.24947379677151224 Ni 0.2573213082688461 Cr 0.26083998325915997 Co 0.23236491170048174 V 
Atom 3 weights: 0.2554838378173427 Ni 0.2781939089608714 Cr 0.2357846388578006 Co 0.23053761436398526 V 
Atom 4 weights: 0.26107023119352224 Ni 0.2606901068001527 Cr 0.22599622538056968 Co 0.25224343662575544 V 
Atom 5 weights: 0.2775089719615154 Ni 0.24444479086523568 Cr 0.2169922870178552 Co 0.26105395015539373 V 
Atom 6 weights: 0.20462336934576564 Ni 0.23781359820859588 Cr 0.3034329598515602 Co 0.2541300725940784 V 
Atom 7 weights: 0.22784493881806628 Ni 0.2239645875313172 Cr 0.2606366085610427 Co 0.2875538650895739 V 
Atom 8 weights: 0.2598120747948083 Ni 0.2123982661723332 Cr 0.26556367342233966 Co 0.2622259856105188 V 
Atom 9 weights: 0.25427627924596086 Ni 0.23453839641037016 Cr 0.25046555248643476 Co 0.2607197718572343 V 
Atom 10 weights: 0.27128007086834705 Ni 0.2702184118904196 Cr 0.20296089796587233 Co 0.255540619275361 V 
Atom 11 weights: 0.2641746294598528 Ni 0.2560315786522315 Cr 0.2454622415821201 Co 0.23433155030579572 V 
Atom 12 weights: 0.28643778201431264 Ni 0.2214139331084407 Cr 0.2804003434614376 Co 0.2117479414158089 V 
Atom 13 weights: 0.28416475903924704 Ni 0.2322766800268094 Cr 0.209106614353527 Co 0.2744519465804165 V 
Atom 14 weights: 0.30703025960737274 Ni 0.2396667275149763 Cr 0.22438530655697633 Co 0.22891770632067462 V 
Atom 15 weights: 0.2903051118754296 Ni 0.23434178001967662 Cr 0.2322172226946792 Co 0.24313588541021464 V 
Atom 16 weights: 0.24089612494122928 Ni 0.26377839804971814 Cr 0.2590204277145357 Co 0.23630504929451684 V 
HEA binding free energy: 0.7260554024986232 eV, Target: 1.6 eV
Entropy: 22.097246476623287

Iteration 6, eta = 0.1
Atom 1 weights: 0.3292018585699604 Ni 0.22150639653746484 Cr 0.22678913768083336 Co 0.22250260721174137 V 
Atom 2 weights: 0.24947379677151224 Ni 0.2573213082688461 Cr 0.26083998325915997 Co 0.23236491170048174 V 
Atom 3 weights: 0.2554838378173427 Ni 0.2781939089608714 Cr 0.2357846388578006 Co 0.23053761436398526 V 
Atom 4 weights: 0.26107023119352224 Ni 0.2606901068001527 Cr 0.22599622538056968 Co 0.25224343662575544 V 
Atom 5 weights: 0.2775089719615154 Ni 0.24444479086523568 Cr 0.2169922870178552 Co 0.26105395015539373 V 
Atom 6 weights: 0.20462336934576564 Ni 0.23781359820859588 Cr 0.3034329598515602 Co 0.2541300725940784 V 
Atom 7 weights: 0.22784493881806628 Ni 0.2239645875313172 Cr 0.2606366085610427 Co 0.2875538650895739 V 
Atom 8 weights: 0.2598120747948083 Ni 0.2123982661723332 Cr 0.26556367342233966 Co 0.2622259856105188 V 
Atom 9 weights: 0.25427627924596086 Ni 0.23453839641037016 Cr 0.25046555248643476 Co 0.2607197718572343 V 
Atom 10 weights: 0.27128007086834705 Ni 0.2702184118904196 Cr 0.20296089796587233 Co 0.255540619275361 V 
Atom 11 weights: 0.2641746294598528 Ni 0.2560315786522315 Cr 0.2454622415821201 Co 0.23433155030579572 V 
Atom 12 weights: 0.28643778201431264 Ni 0.2214139331084407 Cr 0.2804003434614376 Co 0.2117479414158089 V 
Atom 13 weights: 0.28416475903924704 Ni 0.2322766800268094 Cr 0.209106614353527 Co 0.2744519465804165 V 
Atom 14 weights: 0.30703025960737274 Ni 0.2396667275149763 Cr 0.22438530655697633 Co 0.22891770632067462 V 
Atom 15 weights: 0.2903051118754296 Ni 0.23434178001967662 Cr 0.2322172226946792 Co 0.24313588541021464 V 
Atom 16 weights: 0.24089612494122928 Ni 0.26377839804971814 Cr 0.2590204277145357 Co 0.23630504929451684 V 
HEA binding free energy: 0.8257902545338034 eV, Target: 1.6 eV
Entropy: 22.097246476623287

Iteration 7, eta = 0.2
Atom 1 weights: 0.3292018585699604 Ni 0.22150639653746484 Cr 0.22678913768083336 Co 0.22250260721174137 V 
Atom 2 weights: 0.24947379677151224 Ni 0.2573213082688461 Cr 0.26083998325915997 Co 0.23236491170048174 V 
Atom 3 weights: 0.2554838378173427 Ni 0.2781939089608714 Cr 0.2357846388578006 Co 0.23053761436398526 V 
Atom 4 weights: 0.26107023119352224 Ni 0.2606901068001527 Cr 0.22599622538056968 Co 0.25224343662575544 V 
Atom 5 weights: 0.2775089719615154 Ni 0.24444479086523568 Cr 0.2169922870178552 Co 0.26105395015539373 V 
Atom 6 weights: 0.20462336934576564 Ni 0.23781359820859588 Cr 0.3034329598515602 Co 0.2541300725940784 V 
Atom 7 weights: 0.22784493881806628 Ni 0.2239645875313172 Cr 0.2606366085610427 Co 0.2875538650895739 V 
Atom 8 weights: 0.2598120747948083 Ni 0.2123982661723332 Cr 0.26556367342233966 Co 0.2622259856105188 V 
Atom 9 weights: 0.25427627924596086 Ni 0.23453839641037016 Cr 0.25046555248643476 Co 0.2607197718572343 V 
Atom 10 weights: 0.27128007086834705 Ni 0.2702184118904196 Cr 0.20296089796587233 Co 0.255540619275361 V 
Atom 11 weights: 0.2641746294598528 Ni 0.2560315786522315 Cr 0.2454622415821201 Co 0.23433155030579572 V 
Atom 12 weights: 0.28643778201431264 Ni 0.2214139331084407 Cr 0.2804003434614376 Co 0.2117479414158089 V 
Atom 13 weights: 0.28416475903924704 Ni 0.2322766800268094 Cr 0.209106614353527 Co 0.2744519465804165 V 
Atom 14 weights: 0.30703025960737274 Ni 0.2396667275149763 Cr 0.22438530655697633 Co 0.22891770632067462 V 
Atom 15 weights: 0.2903051118754296 Ni 0.23434178001967662 Cr 0.2322172226946792 Co 0.24313588541021464 V 
Atom 16 weights: 0.24089612494122928 Ni 0.26377839804971814 Cr 0.2590204277145357 Co 0.23630504929451684 V 
HEA binding free energy: 0.6955786767719737 eV, Target: 1.6 eV
Entropy: 22.097246476623287

Iteration 8, eta = 0.2
Atom 1 weights: 0.3330582682836875 Ni 0.21814804172726374 Cr 0.22859001272539317 Co 0.22020367726365564 V 
Atom 2 weights: 0.24677014255632085 Ni 0.2567436511421946 Cr 0.25832089495513283 Co 0.23816531134635188 V 
Atom 3 weights: 0.25137068487175057 Ni 0.27738648826746376 Cr 0.2319213335938812 Co 0.23932149326690452 V 
Atom 4 weights: 0.2574010013581769 Ni 0.2600300885258957 Cr 0.22255659972872024 Co 0.26001231038720723 V 
Atom 5 weights: 0.2769629089637498 Ni 0.24432913039422038 Cr 0.21638457756803517 Co 0.2623233830739947 V 
Atom 6 weights: 0.20271560225131985 Ni 0.23751002145224842 Cr 0.3018382279094525 Co 0.25793614838697937 V 
Atom 7 weights: 0.22606883669869973 Ni 0.22366225720084457 Cr 0.25905784238006735 Co 0.2912110637203884 V 
Atom 8 weights: 0.2583855318165503 Ni 0.212120617262718 Cr 0.2642552911085104 Co 0.2652385598122214 V 
Atom 9 weights: 0.25611291919044105 Ni 0.23480580218534322 Cr 0.25214819844295516 Co 0.25693308018126065 V 
Atom 10 weights: 0.2726051038946293 Ni 0.2705175453317057 Cr 0.20408287838577163 Co 0.25279447238789354 V 
Atom 11 weights: 0.2653915301479131 Ni 0.25628168845443694 Cr 0.24656526692128586 Co 0.23176151447636406 V 
Atom 12 weights: 0.28700471500922586 Ni 0.22145975521363137 Cr 0.28091677136103826 Co 0.21061875841610447 V 
Atom 13 weights: 0.28762958487585827 Ni 0.23280143173048676 Cr 0.2121746583243384 Co 0.2673943250693166 V 
Atom 14 weights: 0.3110843079184538 Ni 0.24030326177443126 Cr 0.22798892951533023 Co 0.22062350079178478 V 
Atom 15 weights: 0.2939188806011112 Ni 0.23489291927929629 Cr 0.2354538298091434 Co 0.23573437031044914 V 
Atom 16 weights: 0.24393803087861782 Ni 0.2643425265291568 Cr 0.2618522931690231 Co 0.2298671494232023 V 
HEA binding free energy: 0.7044813411053347 eV, Target: 1.6 eV
Entropy: 22.092904603454883

Iteration 9, eta = 0.2
Atom 1 weights: 0.3690441484659259 Ni 0.17933993294976525 Cr 0.24203833861528015 Co 0.2095775799690287 V 
Atom 2 weights: 0.18962694907696764 Ni 0.24569693965242292 Cr 0.20544408051960172 Co 0.35923203075100785 V 
Atom 3 weights: 0.18526137270393342 Ni 0.26486639292695147 Cr 0.17027182730171475 Co 0.3796004070674004 V 
Atom 4 weights: 0.18576632255208955 Ni 0.24716822945781178 Cr 0.15580398092131115 Co 0.4112614670687875 V 
Atom 5 weights: 0.2462152501258378 Ni 0.23832053587160246 Cr 0.18671165541739865 Co 0.32875255858516117 V 
Atom 6 weights: 0.16588952578500538 Ni 0.23106602150956845 Cr 0.2696095272093035 Co 0.33343492549612275 V 
Atom 7 weights: 0.18970646269737873 Ni 0.21708612536014416 Cr 0.22605315263409279 Co 0.3671542593083843 V 
Atom 8 weights: 0.220908746638634 Ni 0.20490463913226764 Cr 0.2296021886050581 Co 0.3445844256240402 V 
Atom 9 weights: 0.2707789476408301 Ni 0.23648056171388895 Cr 0.26544730000729344 Co 0.2272931906379875 V 
Atom 10 weights: 0.29876176005497634 Ni 0.27573994677659286 Cr 0.22703190646320578 Co 0.198466386705225 V 
Atom 11 weights: 0.2888027328710206 Ni 0.260590218827276 Cr 0.2678847469478691 Co 0.18272230135383416 V 
Atom 12 weights: 0.29399202442735234 Ni 0.2218854445202952 Cr 0.2872522833484146 Co 0.19687024770393785 V 
Atom 13 weights: 0.3665295795225525 Ni 0.24591515947942197 Cr 0.2836476681337472 Co 0.10390759286427839 V 
Atom 14 weights: 0.3868180360245203 Ni 0.2530779878031563 Cr 0.29645684131105704 Co 0.06364713486126633 V 
Atom 15 weights: 0.36945520506610063 Ni 0.24747964233762057 Cr 0.30417238264885793 Co 0.07889276994742095 V 
Atom 16 weights: 0.3184117294216657 Ni 0.27820146672658264 Cr 0.3309320036582093 Co 0.07245480019354239 V 
HEA binding free energy: 0.7841685315826661 eV, Target: 1.6 eV
Entropy: 21.393830983169295

Iteration 10, eta = 0.2
Atom 1 weights: 0.38682877033052837 Ni 0.1586956857592298 Cr 0.24799706354826279 Co 0.2064784803619789 V 
Atom 2 weights: 0.16291381127047447 Ni 0.24042427266397398 Cr 0.18070070243566888 Co 0.4159612136298827 V 
Atom 3 weights: 0.15427325139728784 Ni 0.2589354157622191 Cr 0.1413184318895447 Co 0.44547290095094827 V 
Atom 4 weights: 0.15173936549855543 Ni 0.24094938279489952 Cr 0.12402656739822371 Co 0.4832846843083213 V 
Atom 5 weights: 0.23299553150906196 Ni 0.23570143645139519 Cr 0.17382802465473537 Co 0.35747500738480753 V 
Atom 6 weights: 0.14935959400133378 Ni 0.22819857430264384 Cr 0.25532401698879315 Co 0.36711781470722926 V 
Atom 7 weights: 0.17341778159839674 Ni 0.21413558565196986 Cr 0.21133937349753737 Co 0.401107259252096 V 
Atom 8 weights: 0.2046869069714867 Ni 0.20170015150814155 Cr 0.21461562233190123 Co 0.3789973191884704 V 
Atom 9 weights: 0.27873148160563965 Ni 0.23752618167572012 Cr 0.2727027930802091 Co 0.21103954363843117 V 
Atom 10 weights: 0.31048868372746435 Ni 0.27810982214103963 Cr 0.23719597881082255 Co 0.17420551532067358 V 
Atom 11 weights: 0.2990637904141641 Ni 0.26248926251966614 Cr 0.2771873370418689 Co 0.16125961002430092 V 
Atom 12 weights: 0.2981467729552377 Ni 0.2221968618586047 Cr 0.29103531026612994 Co 0.18862105492002754 V 
Atom 13 weights: 0.40368754756075786 Ni 0.2519423527040183 Cr 0.3171722825075959 Co 0.02719781722762797 V 
Atom 14 weights: 0.4190702589139657 Ni 0.25576671171932036 Cr 0.32516302936671393 Co 0.0 V 
Atom 15 weights: 0.40489466221553755 Ni 0.25322562790432396 Cr 0.33629523161806324 Co 0.005584478262075379 V 
Atom 16 weights: 0.3529283934311532 Ni 0.28417657679042746 Cr 0.3628950297784194 Co 0.0 V 
HEA binding free energy: 0.8496564845781553 eV, Target: 1.6 eV
Entropy: 20.453926328426384

Iteration 11, eta = 0.2
Atom 1 weights: 0.3917384429120896 Ni 0.15390450576125989 Cr 0.25003051103935336 Co 0.2043265402872972 V 
Atom 2 weights: 0.15797472216609518 Ni 0.23939413713244442 Cr 0.1761197549795578 Co 0.4265113857219027 V 
Atom 3 weights: 0.14924027744138754 Ni 0.25794724577351585 Cr 0.13658529113931628 Co 0.45622718564578035 V 
Atom 4 weights: 0.14713592444939438 Ni 0.2401352371317239 Cr 0.1196926152232862 Co 0.4930362231955956 V 
Atom 5 weights: 0.23058982703435327 Ni 0.235233833260867 Cr 0.17144491604986134 Co 0.36273142365491856 V 
Atom 6 weights: 0.14688125840950178 Ni 0.22780821674596272 Cr 0.25331134594394117 Co 0.3719991789005943 V 
Atom 7 weights: 0.1709730380949118 Ni 0.21371683339831113 Cr 0.2091877071867151 Co 0.406122421320062 V 
Atom 8 weights: 0.2020087293718597 Ni 0.20114927952253475 Cr 0.21215776742963663 Co 0.3846842236759689 V 
Atom 9 weights: 0.2802050410039154 Ni 0.23777810923456708 Cr 0.2740769181428527 Co 0.2079399316186649 V 
Atom 10 weights: 0.3121054418073201 Ni 0.2784919680979821 Cr 0.2385276963161198 Co 0.17087489377857804 V 
Atom 11 weights: 0.3004040864446716 Ni 0.2627786256757785 Cr 0.2783941351367952 Co 0.1584231527427547 V 
Atom 12 weights: 0.2992644348268182 Ni 0.22234003839361388 Cr 0.29208339220388957 Co 0.1863121345756784 V 
Atom 13 weights: 0.4097945346774775 Ni 0.2529199756376843 Cr 0.3226192070432403 Co 0.014666282641597875 V 
Atom 14 weights: 0.42080852305759725 Ni 0.2529193202852618 Cr 0.3262721566571409 Co 0.0 V 
Atom 15 weights: 0.40852540755270317 Ni 0.2521284676180353 Cr 0.3393461248292616 Co 0.0 V 
Atom 16 weights: 0.3546251899088508 Ni 0.28117878557138426 Cr 0.36419602451976496 Co 0.0 V 
HEA binding free energy: 0.8657053488631193 eV, Target: 1.6 eV
Entropy: 20.330736912938512

Iteration 12, eta = 0.2
Atom 1 weights: 0.39396398614254813 Ni 0.15318744699965867 Cr 0.2515990426522929 Co 0.20124952420550024 V 
Atom 2 weights: 0.16037932982678224 Ni 0.2397984633740191 Cr 0.17833428567089613 Co 0.42148792112830247 V 
Atom 3 weights: 0.151942563698871 Ni 0.2584529517903321 Cr 0.13906049554419803 Co 0.45054398896659886 V 
Atom 4 weights: 0.14981244409700456 Ni 0.2406597193199603 Cr 0.12215266256279349 Co 0.48737517402024166 V 
Atom 5 weights: 0.23129408842773533 Ni 0.23537769123884383 Cr 0.17206810916124157 Co 0.36126011117217915 V 
Atom 6 weights: 0.14773496278025963 Ni 0.22800493894091217 Cr 0.2541841112956744 Co 0.3700759869831538 V 
Atom 7 weights: 0.1718098687869964 Ni 0.2138977449334221 Cr 0.21000300287381526 Co 0.40428938340576626 V 
Atom 8 weights: 0.20291139138803693 Ni 0.2013021701645577 Cr 0.21300895678839674 Co 0.38277748165900866 V 
Atom 9 weights: 0.279198920262945 Ni 0.2376388974278188 Cr 0.27316376303217516 Co 0.20999841927706114 V 
Atom 10 weights: 0.31128455269353494 Ni 0.2783691024715214 Cr 0.23773197007240726 Co 0.17261437476253647 V 
Atom 11 weights: 0.2997279010974374 Ni 0.26267833727963247 Cr 0.2777650765230768 Co 0.15982868509985337 V 
Atom 12 weights: 0.2986471500678953 Ni 0.22223426717970457 Cr 0.29152166901055365 Co 0.18759691374184642 V 
Atom 13 weights: 0.40707475229422546 Ni 0.25244618005750874 Cr 0.32006179431751497 Co 0.020417273330750847 V 
Atom 14 weights: 0.41936339712299747 Ni 0.25339505268506135 Cr 0.32495204780427267 Co 0.002289502387668464 V 
Atom 15 weights: 0.4065139322166331 Ni 0.2521114844905581 Cr 0.33748193456563624 Co 0.003892648727172567 V 
Atom 16 weights: 0.35318758197894073 Ni 0.2816472721485357 Cr 0.36294966288164743 Co 0.002215482990876206 V 
HEA binding free energy: 0.9886415866697404 eV, Target: 1.6 eV
Entropy: 20.420495445924548

Iteration 13, eta = 0.4
Atom 1 weights: 0.39396398614254813 Ni 0.15318744699965867 Cr 0.2515990426522929 Co 0.20124952420550024 V 
Atom 2 weights: 0.16037932982678224 Ni 0.2397984633740191 Cr 0.17833428567089613 Co 0.42148792112830247 V 
Atom 3 weights: 0.151942563698871 Ni 0.2584529517903321 Cr 0.13906049554419803 Co 0.45054398896659886 V 
Atom 4 weights: 0.14981244409700456 Ni 0.2406597193199603 Cr 0.12215266256279349 Co 0.48737517402024166 V 
Atom 5 weights: 0.23129408842773533 Ni 0.23537769123884383 Cr 0.17206810916124157 Co 0.36126011117217915 V 
Atom 6 weights: 0.14773496278025963 Ni 0.22800493894091217 Cr 0.2541841112956744 Co 0.3700759869831538 V 
Atom 7 weights: 0.1718098687869964 Ni 0.2138977449334221 Cr 0.21000300287381526 Co 0.40428938340576626 V 
Atom 8 weights: 0.20291139138803693 Ni 0.2013021701645577 Cr 0.21300895678839674 Co 0.38277748165900866 V 
Atom 9 weights: 0.279198920262945 Ni 0.2376388974278188 Cr 0.27316376303217516 Co 0.20999841927706114 V 
Atom 10 weights: 0.31128455269353494 Ni 0.2783691024715214 Cr 0.23773197007240726 Co 0.17261437476253647 V 
Atom 11 weights: 0.2997279010974374 Ni 0.26267833727963247 Cr 0.2777650765230768 Co 0.15982868509985337 V 
Atom 12 weights: 0.2986471500678953 Ni 0.22223426717970457 Cr 0.29152166901055365 Co 0.18759691374184642 V 
Atom 13 weights: 0.40707475229422546 Ni 0.25244618005750874 Cr 0.32006179431751497 Co 0.020417273330750847 V 
Atom 14 weights: 0.41936339712299747 Ni 0.25339505268506135 Cr 0.32495204780427267 Co 0.002289502387668464 V 
Atom 15 weights: 0.4065139322166331 Ni 0.2521114844905581 Cr 0.33748193456563624 Co 0.003892648727172567 V 
Atom 16 weights: 0.35318758197894073 Ni 0.2816472721485357 Cr 0.36294966288164743 Co 0.002215482990876206 V 
HEA binding free energy: 0.8693853281418977 eV, Target: 1.6 eV
Entropy: 20.420495445924548

Iteration 14, eta = 0.4
Atom 1 weights: 0.398557261227844 Ni 0.14779078024400638 Cr 0.25282043650047525 Co 0.2008315220276745 V 
Atom 2 weights: 0.15684709643270203 Ni 0.2390117617124202 Cr 0.1750702195644711 Co 0.4290709222904067 V 
Atom 3 weights: 0.1481108238282006 Ni 0.2577383718459762 Cr 0.13535740546598213 Co 0.45879339885984105 V 
Atom 4 weights: 0.14694801649509162 Ni 0.24011370333361848 Cr 0.11928638945512501 Co 0.4936518907161649 V 
Atom 5 weights: 0.23006849006041732 Ni 0.23511861037990203 Cr 0.17059506634853866 Co 0.364217833211142 V 
Atom 6 weights: 0.14517541925092894 Ni 0.22760663874757417 Cr 0.2524261546758431 Co 0.3747917873256538 V 
Atom 7 weights: 0.16962513816793104 Ni 0.2134615872414403 Cr 0.2082056890349835 Co 0.4087075855556452 V 
Atom 8 weights: 0.2014233531576971 Ni 0.20084607297035376 Cr 0.21168474897134495 Co 0.3860458249006042 V 
Atom 9 weights: 0.27951162658638823 Ni 0.23762990605133597 Cr 0.2734392593833079 Co 0.20941920797896804 V 
Atom 10 weights: 0.3136962802338484 Ni 0.2789391731894954 Cr 0.23957241724360445 Co 0.16779212933305185 V 
Atom 11 weights: 0.3019926333622448 Ni 0.2631270296251608 Cr 0.27976329717221315 Co 0.15511703984038114 V 
Atom 12 weights: 0.2984683445213019 Ni 0.22197580617573728 Cr 0.29132419748350646 Co 0.1882316518194544 V 
Atom 13 weights: 0.41172738491768507 Ni 0.2530424887225529 Cr 0.32390895209745724 Co 0.011321174262304706 V 
Atom 14 weights: 0.4217394866452186 Ni 0.25177250607335216 Cr 0.32648800728142924 Co 0.0 V 
Atom 15 weights: 0.4093850422146224 Ni 0.25096200018316467 Cr 0.339652957602213 Co 0.0 V 
Atom 16 weights: 0.35531632570046956 Ni 0.2798848194175561 Cr 0.3647988548819744 Co 0.0 V 
HEA binding free energy: 0.8790444991987354 eV, Target: 1.6 eV
Entropy: 20.297004638240583

Iteration 15, eta = 0.4
Atom 1 weights: 0.4115878232200205 Ni 0.13650082502943287 Cr 0.25826848909226935 Co 0.1936428626582773 V 
Atom 2 weights: 0.1470338959482857 Ni 0.23679469378677404 Cr 0.16596616135443526 Co 0.45020524891050506 V 
Atom 3 weights: 0.14105088904065607 Ni 0.2563595081343058 Cr 0.1284420917407549 Co 0.4741475110842832 V 
Atom 4 weights: 0.14375564368829707 Ni 0.2396795145553943 Cr 0.11589618675106704 Co 0.5006686550052416 V 
Atom 5 weights: 0.22582204477177834 Ni 0.23414196288883615 Cr 0.16586288857513104 Co 0.3741731037642545 V 
Atom 6 weights: 0.13861760794906627 Ni 0.22645375858090858 Cr 0.24767318647089032 Co 0.3872554469991347 V 
Atom 7 weights: 0.16403302969159886 Ni 0.21226603941792316 Cr 0.20348932737351916 Co 0.42021160351695885 V 
Atom 8 weights: 0.19686723352629715 Ni 0.19950027823360125 Cr 0.20754201889343682 Co 0.3960904693466648 V 
Atom 9 weights: 0.2790215936430059 Ni 0.23749073948925 Cr 0.2729919501159878 Co 0.2104957167517563 V 
Atom 10 weights: 0.31738772259756737 Ni 0.2798874194873278 Cr 0.24211524116951544 Co 0.1606096167455894 V 
Atom 11 weights: 0.30564022093941046 Ni 0.2638876155386116 Cr 0.28292654701446734 Co 0.14754561650751066 V 
Atom 12 weights: 0.2978349276033113 Ni 0.2214120369407325 Cr 0.2906892176059283 Co 0.19006381785002777 V 
Atom 13 weights: 0.41804425443696686 Ni 0.24960661963946076 Cr 0.32836309519307866 Co 0.003986030730493706 V 
Atom 14 weights: 0.4256293773449854 Ni 0.24593466337038644 Cr 0.3284359592846281 Co 2.7755575615628914e-17 V 
Atom 15 weights: 0.413229365046843 Ni 0.24491443758171844 Cr 0.34185619737143863 Co 0.0 V 
Atom 16 weights: 0.35860853133278264 Ni 0.2739737898099836 Cr 0.3674176788572337 Co 3.596643355743656e-17 V 
HEA binding free energy: 0.9201709977572584 eV, Target: 1.6 eV
Entropy: 20.159166109586653

Iteration 16, eta = 0.4
Atom 1 weights: 0.42470261539083765 Ni 0.12726371270205108 Cr 0.26479634717405265 Co 0.1832373247330587 V 
Atom 2 weights: 0.14475221411951472 Ni 0.23613268116767888 Cr 0.16386759961851097 Co 0.45524750509429546 V 
Atom 3 weights: 0.13886185079219185 Ni 0.2560340939545621 Cr 0.12612037080749253 Co 0.47898368444575345 V 
Atom 4 weights: 0.14266594341789524 Ni 0.23969072621790305 Cr 0.11453874746198195 Co 0.5031045829022199 V 
Atom 5 weights: 0.2245262845383189 Ni 0.23382261431183143 Cr 0.16399795691816788 Co 0.3776531442316819 V 
Atom 6 weights: 0.1361809080351822 Ni 0.22615820148833216 Cr 0.24661365423951204 Co 0.3910472362369737 V 
Atom 7 weights: 0.16192863646121536 Ni 0.21182905340229313 Cr 0.20198731715709498 Co 0.4242549929793965 V 
Atom 8 weights: 0.19507118936045637 Ni 0.19879601386975798 Cr 0.20598049672344898 Co 0.4001523000463367 V 
Atom 9 weights: 0.2777549414599778 Ni 0.23722116705444932 Cr 0.2718262410141109 Co 0.21319765047146197 V 
Atom 10 weights: 0.3187137312557819 Ni 0.2803324626689595 Cr 0.24256526002508957 Co 0.1583885460501691 V 
Atom 11 weights: 0.3068688758005136 Ni 0.2641598789202767 Cr 0.28386160580432884 Co 0.14510963947488087 V 
Atom 12 weights: 0.297742430616761 Ni 0.22103108178739883 Cr 0.2905804846859623 Co 0.19064600290987796 V 
Atom 13 weights: 0.41885109188312497 Ni 0.2468552418566815 Cr 0.3280101613396035 Co 0.006283504920590054 V 
Atom 14 weights: 0.42636642487534193 Ni 0.24274666600579067 Cr 0.32790335601341014 Co 0.0029835531054573064 V 
Atom 15 weights: 0.4135425214310793 Ni 0.24134546033390325 Cr 0.3411786263634763 Co 0.003933391871541166 V 
Atom 16 weights: 0.3585674281835778 Ni 0.2709397456379823 Cr 0.3672723718578585 Co 0.003220454320581407 V 
HEA binding free energy: 0.9620441288146422 eV, Target: 1.6 eV
Entropy: 20.1771585726654

Iteration 17, eta = 0.4
Atom 1 weights: 0.6161571341454676 Ni 0.0 Cr 0.356336731073906 Co 0.027506134780626412 V 
Atom 2 weights: 0.1067017160246514 Ni 0.22536913098994157 Cr 0.12884122153407876 Co 0.5390879314513284 V 
Atom 3 weights: 0.10204182910524448 Ni 0.2503217705919131 Cr 0.08750653405830515 Co 0.5601298662445373 V 
Atom 4 weights: 0.12288628801578272 Ni 0.23913603845440845 Cr 0.09086777617965869 Co 0.54710989735015 V 
Atom 5 weights: 0.20433430179868745 Ni 0.22881747193296337 Cr 0.1351317448665651 Co 0.43171648140178426 V 
Atom 6 weights: 0.09864995704187436 Ni 0.2215270314132278 Cr 0.23010381350574624 Co 0.4497191980391516 V 
Atom 7 weights: 0.1294349706944472 Ni 0.20503415269596456 Cr 0.17869283190570656 Co 0.4868380447038817 V 
Atom 8 weights: 0.16730513656581095 Ni 0.187928680737223 Cr 0.1817991950495628 Co 0.4629669876474033 V 
Atom 9 weights: 0.2602765543768192 Ni 0.23340636557194636 Cr 0.25574100727889293 Co 0.2505760727723417 V 
Atom 10 weights: 0.34007783832929994 Ni 0.2873005943965089 Cr 0.25046166222618016 Co 0.12215990504801087 V 
Atom 11 weights: 0.32679598352049505 Ni 0.26849518471886885 Cr 0.29920564147667905 Co 0.1055031902839569 V 
Atom 12 weights: 0.29895472200757395 Ni 0.21564740016459916 Cr 0.2913450583162559 Co 0.19405281951157102 V 
Atom 13 weights: 0.435988676901854 Ni 0.2070467009535334 Cr 0.32720296435117235 Co 0.029761657793440355 V 
Atom 14 weights: 0.44082625846088896 Ni 0.19487756599204017 Cr 0.3227651689986773 Co 0.0415310065483937 V 
Atom 15 weights: 0.4220468303454136 Ni 0.18820655134431108 Cr 0.3343433693161449 Co 0.05540324899413038 V 
Atom 16 weights: 0.36117122239272315 Ni 0.2252685230679369 Cr 0.3680399461763657 Co 0.04552030836297434 V 
HEA binding free energy: 1.428347212513772 eV, Target: 1.6 eV
Entropy: 19.43644290003654

Iteration 18, eta = 0.4
Atom 1 weights: 0.6311596300637119 Ni 0.0 Cr 0.3606692180837959 Co 0.008171151852492255 V 
Atom 2 weights: 0.1050417079515803 Ni 0.2247164768464747 Cr 0.12736604833949872 Co 0.5428757668624462 V 
Atom 3 weights: 0.09953050227993701 Ni 0.2500880882003958 Cr 0.08462435872029879 Co 0.5657570507993683 V 
Atom 4 weights: 0.12054061911682304 Ni 0.23896861273713715 Cr 0.08796854656606179 Co 0.552522221579978 V 
Atom 5 weights: 0.2024087381711873 Ni 0.2282890132788601 Cr 0.1320485488836613 Co 0.4372536996662913 V 
Atom 6 weights: 0.09482610873303816 Ni 0.22103235492815473 Cr 0.22884654598096602 Co 0.455294990357841 V 
Atom 7 weights: 0.1261290091249661 Ni 0.2042339218571731 Cr 0.17645874006392606 Co 0.4931783289539347 V 
Atom 8 weights: 0.16440042664662313 Ni 0.1866273225839773 Cr 0.1792893841617436 Co 0.46968286660765607 V 
Atom 9 weights: 0.2580667448300542 Ni 0.23281628631872428 Cr 0.25367089761805417 Co 0.2554460712331675 V 
Atom 10 weights: 0.34216151908569215 Ni 0.2880302956649149 Cr 0.2508703790136819 Co 0.11893780623571103 V 
Atom 11 weights: 0.3286028318644636 Ni 0.2688771538881949 Cr 0.3004730534893155 Co 0.10204696075802601 V 
Atom 12 weights: 0.2985633628923882 Ni 0.21484121211988272 Cr 0.29092315692650245 Co 0.1956722680612266 V 
Atom 13 weights: 0.43871952336141234 Ni 0.20410131657421224 Cr 0.3278154822577771 Co 0.029363677806598376 V 
Atom 14 weights: 0.4433489151315094 Ni 0.19099761521661457 Cr 0.32295753377598135 Co 0.04269593587589461 V 
Atom 15 weights: 0.4240470527244922 Ni 0.1839780315253031 Cr 0.33456131791506816 Co 0.05741359783513664 V 
Atom 16 weights: 0.36206829820749176 Ni 0.22169669917626303 Cr 0.36887570205872505 Co 0.047359300557520155 V 
HEA binding free energy: 1.540061763494878 eV, Target: 1.6 eV
Entropy: 19.310961321462337

Iteration 19, eta = 0.4
Atom 1 weights: 0.6388248556745234 Ni 1.1102230246251565e-16 Cr 0.36117514432547637 Co 1.1102230246251565e-16 V 
Atom 2 weights: 0.10335407811497548 Ni 0.22422185308325704 Cr 0.12589465271751912 Co 0.5465294160842484 V 
Atom 3 weights: 0.09778521803428192 Ni 0.2500346727871643 Cr 0.08257509837356108 Co 0.5696050108049926 V 
Atom 4 weights: 0.1192761140674737 Ni 0.23896508840311148 Cr 0.0861956156186408 Co 0.555563181910774 V 
Atom 5 weights: 0.2012175657898972 Ni 0.22791168700211278 Cr 0.12987230346250805 Co 0.440998443745482 V 
Atom 6 weights: 0.09200188914681601 Ni 0.2206242750376639 Cr 0.22808187030121782 Co 0.4592919655143023 V 
Atom 7 weights: 0.12377306382592593 Ni 0.20358350335370248 Cr 0.17493187908680755 Co 0.4977115537335641 V 
Atom 8 weights: 0.16250460175221262 Ni 0.18562764871202395 Cr 0.17767637946209833 Co 0.4741913700736652 V 
Atom 9 weights: 0.25674518216210973 Ni 0.2323959290238263 Cr 0.25242072286716855 Co 0.25843816594689556 V 
Atom 10 weights: 0.34352735100335713 Ni 0.2885894788609381 Cr 0.25089348911790477 Co 0.11698968101780007 V 
Atom 11 weights: 0.3297845192238096 Ni 0.269159456227927 Cr 0.3012407238302789 Co 0.09981530071798451 V 
Atom 12 weights: 0.2983603743388344 Ni 0.21418803661756156 Cr 0.2906831332793438 Co 0.19676845576426033 V 
Atom 13 weights: 0.4400478440711293 Ni 0.20155008268271185 Cr 0.3274705040830461 Co 0.030931569163112713 V 
Atom 14 weights: 0.4446871209119984 Ni 0.188014535357984 Cr 0.32246343783101816 Co 0.04483490589899934 V 
Atom 15 weights: 0.4248991892376365 Ni 0.18064803311130834 Cr 0.3340316928254058 Co 0.060421084825649424 V 
Atom 16 weights: 0.36211462279074674 Ni 0.21904002793129954 Cr 0.36895827059290925 Co 0.04988707868504447 V 
HEA binding free energy: 1.5614029063490757 eV, Target: 1.6 eV
Entropy: 19.23768601470595

Iteration 20, eta = 0.4
Atom 1 weights: 0.6422987946885452 Ni 0.0 Cr 0.3577012053114548 Co 0.0 V 
Atom 2 weights: 0.10157191234639508 Ni 0.22380917750314125 Cr 0.12441284759676194 Co 0.5502060625537017 V 
Atom 3 weights: 0.0962628303974 Ni 0.25020984838330285 Cr 0.08065874807799395 Co 0.5728685731413032 V 
Atom 4 weights: 0.11845282460547096 Ni 0.23912159803082061 Cr 0.0846757065480541 Co 0.5577498708156543 V 
Atom 5 weights: 0.20022944863542602 Ni 0.22751225234650738 Cr 0.12760461905588297 Co 0.4446536799621837 V 
Atom 6 weights: 0.08890720825160339 Ni 0.22011605847046822 Cr 0.22749857779180627 Co 0.46347815548612215 V 
Atom 7 weights: 0.12128598653090233 Ni 0.20277524570109778 Cr 0.17341436150375533 Co 0.5025244062642444 V 
Atom 8 weights: 0.1607610932172825 Ni 0.18446037067014323 Cr 0.1762298404100044 Co 0.47854869570256997 V 
Atom 9 weights: 0.2553981528733032 Ni 0.2318891096415986 Cr 0.2511280675306323 Co 0.26158466995446583 V 
Atom 10 weights: 0.34458485603740163 Ni 0.28918338712254943 Cr 0.25032402220944117 Co 0.1159077346306078 V 
Atom 11 weights: 0.33058519442658213 Ni 0.26940556976611635 Cr 0.30157820911531813 Co 0.09843102669198343 V 
Atom 12 weights: 0.298096513430966 Ni 0.21336939776602715 Cr 0.29037386014229327 Co 0.19816022866071353 V 
Atom 13 weights: 0.44087404787806733 Ni 0.1985649049041209 Cr 0.32629959411847403 Co 0.03426145309933778 V 
Atom 14 weights: 0.4459056135384375 Ni 0.18486305271915995 Cr 0.3214882924286479 Co 0.04774304131375472 V 
Atom 15 weights: 0.42543595717793825 Ni 0.17704319054490253 Cr 0.3329439547840858 Co 0.06457689749307345 V 
Atom 16 weights: 0.3614309331656468 Ni 0.21632318988307664 Cr 0.3684488407989228 Co 0.053797036152353796 V 
HEA binding free energy: 1.5856971259513877 eV, Target: 1.6 eV
Entropy: 19.217573398085324

Iteration 21, eta = 0.4
Atom 1 weights: 0.6606120162352953 Ni 2.7755575615628914e-17 Cr 0.3393879837647046 Co 2.7755575615628914e-17 V 
Atom 2 weights: 0.0913459163868588 Ni 0.2214808585786135 Cr 0.11584635350916432 Co 0.5713268715253634 V 
Atom 3 weights: 0.08832326184088102 Ni 0.2512270742093358 Cr 0.07062613562335407 Co 0.589823528326429 V 
Atom 4 weights: 0.11447352071359512 Ni 0.2400936307945907 Cr 0.07698332061069271 Co 0.5684495278811215 V 
Atom 5 weights: 0.1946770077674639 Ni 0.22532871984855854 Cr 0.11526885697482815 Co 0.4647254154091493 V 
Atom 6 weights: 0.07217369534958838 Ni 0.21735613338033602 Cr 0.2241381260459839 Co 0.4863320452240918 V 
Atom 7 weights: 0.1077823896734192 Ni 0.19841854995651867 Cr 0.16508433829146735 Co 0.5287147220785948 V 
Atom 8 weights: 0.15116109736335764 Ni 0.17819215423514634 Cr 0.16823216089756135 Co 0.5024145875039348 V 
Atom 9 weights: 0.24911839400735508 Ni 0.22934861568587034 Cr 0.2450716635419512 Co 0.2764613267648233 V 
Atom 10 weights: 0.3505332267890608 Ni 0.2924081552705972 Cr 0.2475954023266633 Co 0.10946321561367878 V 
Atom 11 weights: 0.33504572389293186 Ni 0.2707453626512306 Cr 0.30355677353787447 Co 0.0906521399179631 V 
Atom 12 weights: 0.29666089565476184 Ni 0.20903584069091458 Cr 0.28870655103123954 Co 0.20559671262308404 V 
Atom 13 weights: 0.4451252212713672 Ni 0.18231850633153396 Cr 0.31990783697448666 Co 0.052648435422612244 V 
Atom 14 weights: 0.45214513994160244 Ni 0.167748339310911 Cr 0.3160512310115515 Co 0.064055289735935 V 
Atom 15 weights: 0.42806256344188814 Ni 0.15746176208756502 Cr 0.32691496015088795 Co 0.08756071431965869 V 
Atom 16 weights: 0.3577989592549761 Ni 0.2015438133309948 Cr 0.36571120970264476 Co 0.07494601771138433 V 
HEA binding free energy: 1.5822524210208568 eV, Target: 1.6 eV
Entropy: 19.076788206833694

Iteration 22, eta = 0.4
Atom 1 weights: 0.7431311599816741 Ni 0.0 Cr 0.25686884001832594 Co 0.0 V 
Atom 2 weights: 0.04587380277435452 Ni 0.21119574437325955 Cr 0.07783499090393123 Co 0.6650954619484547 V 
Atom 3 weights: 0.05291862755166239 Ni 0.25576940004349846 Cr 0.02574399449843054 Co 0.6655679779064086 V 
Atom 4 weights: 0.09609285609427985 Ni 0.2443042263131942 Cr 0.041884501909459526 Co 0.6177184156830664 V 
Atom 5 weights: 0.1692013987963357 Ni 0.21540666793777005 Cr 0.05926816220958995 Co 0.5561237710563043 V 
Atom 6 weights: 0.0 Ni 0.20392451577115314 Cr 0.20807210194086298 Co 0.5880033822879839 V 
Atom 7 weights: 0.04726264638528255 Ni 0.17886768540406983 Cr 0.12785601143709183 Co 0.6460136567735559 V 
Atom 8 weights: 0.10823680521615281 Ni 0.15001844442664505 Cr 0.13250547303047755 Co 0.6092392773267247 V 
Atom 9 weights: 0.2192482406925559 Ni 0.2174996371965658 Cr 0.21628843986609472 Co 0.3469636822447835 V 
Atom 10 weights: 0.3762168031729781 Ni 0.30664908294330806 Cr 0.23424184392723962 Co 0.08289226995647421 V 
Atom 11 weights: 0.35464919268370976 Ni 0.2766382840329809 Cr 0.3119914289014284 Co 0.05672109438188095 V 
Atom 12 weights: 0.2883277902440731 Ni 0.18912616915166597 Cr 0.27943749225325737 Co 0.2431085483510035 V 
Atom 13 weights: 0.46377194565713753 Ni 0.1091717822828662 Cr 0.29064021061727846 Co 0.13641606144271787 V 
Atom 14 weights: 0.48014818385648333 Ni 0.09071426302208553 Cr 0.29144936333955734 Co 0.13768818978187378 V 
Atom 15 weights: 0.44075005582348714 Ni 0.06948342029932712 Cr 0.30054041516823765 Co 0.18922610870894813 V 
