   Eewald =     5787.5729978874996959
       EH =     7639.7858411441393400
     Eloc =   -15628.1123669580138085
      Enl =     -549.0449500768374946
   Epulay =       -0.0004839299775536
      Exc =     -249.4424190492424316
       KE =      942.9886042776985278
        U =        1.2822242067255751
-------------------------------------
     Etot =    -2054.9705524980072369
       TS =        0.0010072200241454
-------------------------------------
        F =    -2054.9715597180315854
