   Eewald =     5142.4991916415374362
       EH =     6938.8150740534028955
     Eloc =   -14237.7666456022197963
      Enl =     -514.8457828744087692
   Epulay =       -0.0004810744731046
      Exc =     -245.2805652315735188
       KE =      922.2173146607677836
        U =        1.0435901701576453
-------------------------------------
     Etot =    -1993.3183042568093697
       TS =        0.0012029537181487
-------------------------------------
        F =    -1993.3195072105274903
