   Eewald =     5282.3575815400399733
       EH =     7183.4279022706123214
     Eloc =   -14728.2897317801471218
      Enl =     -566.1487498351132217
   Epulay =       -0.0004868641557714
      Exc =     -253.4800046651807861
       KE =      968.1339140264940397
        U =        1.3624426398960467
-------------------------------------
     Etot =    -2112.6371326675548517
       TS =        0.0010460459856453
-------------------------------------
        F =    -2112.6381787135405830
