   Eewald =     6605.9920263340782185
       EH =     8811.0790160912765714
     Eloc =   -17946.4807446995437203
      Enl =     -752.2494708084910826
   Epulay =        0.0001959371989449
      Exc =     -280.6510859300561833
       KE =     1122.9688319513861643
-------------------------------------
     Etot =    -2439.3412311241499992
       TS =        0.0077324919794386
-------------------------------------
        F =    -2439.3489636161293674
