   Eewald =     4793.6548019899555584
       EH =     6226.4627162940460039
     Eloc =   -12759.3411890932402457
      Enl =     -390.5856532017647851
   Epulay =       -0.0003758999111746
      Exc =     -212.0366710612014742
       KE =      729.5198674751550243
-------------------------------------
     Etot =    -1612.3265034969608678
       TS =        0.0101315481519570
-------------------------------------
        F =    -1612.3366350451128710
