   Eewald =     7258.9509712849112475
       EH =     9744.9295608344818902
     Eloc =   -19820.2221417074979399
      Enl =     -856.3734080711110437
   Epulay =        0.0007330941558102
      Exc =     -302.8253505009467972
       KE =     1236.8500682838955527
-------------------------------------
     Etot =    -2738.6895667821099778
       TS =        0.0055038430934685
-------------------------------------
        F =    -2738.6950706252032433
